100
0 -1 0 34 1 -1 -1 3 0 21 1 27 31 10 7 21 24 -1 -1 -1 -1 5 16 24 26 15 17 9 14 7 17 1 16 26 2 22 24 22 9 4 33 18 21 5 -1 5 6 29 11 16 -1 15 24 8 26 -1 13 4 -1 27 1 20 17 27 11 28 25 6 34 23 19 34 10 16 28 7 21 -1 20 28 11 -1 26 13 27 16 31 30 4 26 25 12 1 12 33 29 32 9 33 20 
-1 0 28 28 28 -1 5 -1 -1 8 14 -1 24 -1 12 -1 -1 -1 -1 -1 27 31 -1 21 32 18 3 13 31 33 6 22 -1 34 22 7 -1 -1 1 6 20 8 14 10 15 25 3 -1 -1 -1 9 10 29 -1 23 1 -1 1 19 1 8 14 -1 14 15 4 9 -1 -1 19 6 -1 -1 5 16 6 20 26 33 18 23 -1 4 29 4 -1 5 -1 3 -1 18 -1 14 -1 -1 23 21 9 20 -1 
-1 -1 0 -1 11 21 27 -1 -1 -1 -1 8 -1 -1 -1 -1 -1 0 14 -1 -1 31 -1 -1 31 -1 -1 2 -1 -1 -1 27 10 -1 -1 10 -1 17 -1 -1 -1 -1 -1 -1 20 27 -1 19 8 12 28 -1 23 29 34 -1 30 -1 17 -1 -1 6 33 20 26 6 16 -1 20 12 24 25 31 11 6 5 12 4 7 6 1 -1 -1 10 5 -1 7 -1 -1 21 -1 -1 13 16 -1 32 33 28 15 3 
-1 12 26 0 24 -1 33 31 26 3 11 34 18 -1 -1 15 12 5 -1 -1 3 -1 15 12 14 -1 -1 13 -1 25 6 -1 -1 18 2 31 13 -1 2 15 8 1 18 -1 -1 -1 -1 27 7 -1 23 -1 19 -1 -1 14 30 -1 28 -1 -1 -1 -1 28 9 33 9 -1 9 5 31 1 -1 10 -1 -1 -1 -1 -1 10 -1 8 6 -1 -1 28 19 -1 -1 -1 -1 33 33 24 16 -1 -1 -1 -1 11 
-1 -1 -1 9 0 -1 -1 -1 4 25 34 -1 2 2 22 18 10 -1 -1 0 28 -1 -1 33 10 -1 -1 -1 17 24 3 10 4 28 10 11 22 15 24 28 12 18 17 -1 -1 -1 22 -1 -1 8 31 -1 4 11 22 22 4 10 15 -1 -1 23 -1 29 -1 -1 -1 20 -1 20 -1 17 -1 -1 31 22 10 0 1 29 -1 -1 -1 10 31 -1 14 -1 -1 6 20 -1 -1 30 17 -1 -1 9 -1 2 
-1 -1 12 26 -1 0 4 34 4 -1 -1 -1 -1 -1 -1 12 7 -1 17 5 33 11 32 25 -1 27 -1 1 1 6 19 25 -1 33 15 -1 -1 -1 15 -1 25 24 9 15 28 23 16 32 -1 2 -1 -1 -1 15 32 25 19 -1 -1 15 8 8 -1 26 17 -1 26 29 -1 18 28 24 2 25 -1 -1 4 -1 6 -1 -1 29 6 -1 -1 27 2 27 -1 2 7 31 22 11 5 33 10 -1 -1 16 
-1 10 -1 -1 -1 16 0 14 -1 -1 -1 21 5 -1 25 21 27 2 17 32 -1 12 -1 -1 -1 -1 11 16 15 34 -1 -1 20 -1 28 7 0 26 25 33 10 -1 30 -1 -1 13 -1 23 -1 -1 22 10 24 22 5 4 9 -1 34 -1 24 25 -1 -1 8 9 22 19 10 -1 27 23 18 16 14 15 31 -1 21 -1 20 -1 17 6 33 -1 25 25 12 -1 24 -1 34 17 17 29 21 26 -1 33 
-1 -1 23 32 17 17 -1 0 -1 9 25 -1 -1 2 -1 30 -1 10 32 -1 34 10 31 -1 -1 17 -1 -1 -1 30 -1 15 1 -1 -1 16 -1 20 -1 -1 -1 11 -1 -1 -1 33 -1 -1 20 7 -1 8 29 2 9 17 6 30 -1 12 26 20 27 10 29 -1 34 -1 7 14 6 31 21 1 -1 21 24 -1 -1 31 16 32 11 -1 9 2 -1 -1 22 10 2 28 0 33 -1 -1 33 -1 -1 12 
-1 13 31 -1 5 -1 16 18 0 -1 -1 10 25 19 21 6 13 0 -1 26 22 -1 -1 -1 -1 30 33 -1 16 -1 33 -1 8 -1 22 24 15 -1 24 5 11 30 -1 15 33 1 -1 6 -1 18 18 -1 25 -1 -1 14 16 -1 6 -1 -1 1 10 -1 23 -1 -1 -1 33 19 34 -1 2 22 -1 1 4 4 -1 -1 28 14 3 17 -1 -1 0 27 31 8 31 10 7 30 6 32 15 33 -1 -1 
-1 24 -1 -1 -1 15 16 -1 18 0 -1 28 4 -1 1 -1 31 -1 14 13 25 -1 7 -1 -1 -1 4 1 -1 -1 11 6 27 -1 27 -1 -1 4 1 -1 25 5 -1 0 -1 18 34 -1 29 24 18 -1 25 -1 -1 -1 -1 -1 34 10 14 33 -1 34 28 -1 -1 13 25 22 -1 -1 -1 15 16 -1 19 -1 -1 32 -1 -1 -1 -1 -1 -1 24 30 -1 2 -1 14 -1 33 -1 -1 24 -1 -1 26 
-1 -1 -1 -1 9 -1 -1 19 -1 -1 0 9 25 25 30 -1 -1 28 -1 -1 20 -1 -1 8 22 -1 28 -1 -1 13 0 32 20 -1 25 4 12 29 -1 31 1 -1 17 9 -1 -1 -1 -1 32 28 25 8 -1 -1 16 16 -1 3 18 25 30 -1 14 5 13 31 13 -1 -1 -1 4 15 31 -1 13 4 -1 4 7 -1 -1 30 -1 30 31 0 28 -1 -1 -1 18 26 25 5 -1 -1 27 13 -1 22 
-1 33 5 -1 -1 19 10 -1 25 -1 13 0 4 29 27 -1 -1 28 6 -1 20 19 -1 -1 -1 -1 -1 15 -1 30 -1 -1 21 33 -1 9 23 16 10 -1 5 -1 5 13 -1 25 2 4 -1 1 -1 -1 34 -1 13 32 34 -1 -1 -1 -1 -1 5 19 20 9 -1 -1 -1 -1 -1 -1 27 11 -1 -1 -1 -1 -1 33 13 -1 23 18 10 11 6 33 4 28 25 12 -1 11 18 24 21 32 30 24 
-1 32 -1 6 22 3 33 2 25 9 30 -1 0 21 28 7 2 33 -1 -1 -1 14 -1 31 17 14 28 5 24 -1 -1 -1 22 11 -1 4 26 -1 -1 29 12 -1 -1 28 -1 -1 1 10 32 -1 4 -1 25 30 7 10 -1 2 -1 -1 6 -1 28 -1 30 19 25 -1 13 31 12 -1 33 17 -1 24 -1 -1 5 33 21 13 22 29 -1 -1 8 18 9 19 -1 20 30 0 -1 33 11 -1 19 31 
-1 -1 34 14 21 22 9 -1 24 -1 -1 25 -1 0 -1 28 -1 -1 -1 24 2 28 11 12 14 14 -1 9 -1 19 -1 -1 22 17 21 -1 23 -1 21 -1 20 33 15 17 15 34 -1 -1 -1 34 -1 3 -1 16 23 30 26 29 24 -1 33 -1 12 12 6 20 26 4 20 4 -1 24 15 16 -1 -1 19 24 -1 5 14 -1 -1 6 -1 -1 -1 -1 21 -1 27 3 26 30 -1 26 11 -1 1 21 
-1 12 -1 25 -1 3 4 -1 -1 2 2 17 -1 19 0 31 11 -1 7 -1 3 28 16 29 33 -1 30 -1 -1 3 -1 12 -1 17 -1 23 4 -1 16 12 -1 26 -1 18 18 30 18 22 31 -1 -1 -1 -1 -1 -1 28 23 11 -1 27 -1 -1 18 11 11 -1 -1 1 -1 -1 20 20 27 13 -1 -1 -1 32 0 6 -1 1 26 -1 -1 22 1 7 -1 -1 -1 9 24 13 32 -1 -1 28 34 3 
-1 26 1 -1 6 -1 33 15 31 -1 -1 13 23 18 -1 0 -1 -1 32 34 25 -1 30 29 -1 31 9 -1 30 -1 18 19 26 -1 30 0 -1 20 8 11 -1 34 16 12 11 3 -1 -1 9 33 19 0 11 -1 3 3 -1 1 32 7 -1 -1 29 15 -1 20 17 4 -1 25 32 11 34 -1 20 -1 -1 30 16 10 29 -1 33 -1 25 24 -1 13 -1 0 21 30 -1 3 -1 15 32 5 29 19 
-1 -1 2 6 5 1 -1 0 -1 6 -1 16 1 15 27 29 0 -1 -1 -1 -1 20 -1 0 1 -1 -1 27 0 23 18 -1 -1 -1 10 27 18 -1 13 -1 26 -1 -1 -1 -1 -1 3 30 2 1 14 -1 -1 -1 24 5 25 17 -1 5 -1 16 -1 -1 13 -1 -1 21 -1 31 -1 -1 -1 -1 -1 -1 9 28 7 -1 20 31 4 29 10 6 28 28 -1 3 -1 15 16 -1 -1 -1 4 -1 -1 -1 
-1 26 26 -1 -1 -1 -1 23 -1 -1 30 13 30 -1 31 0 12 0 0 0 -1 5 -1 -1 -1 30 -1 -1 23 12 3 -1 30 13 7 7 -1 25 33 1 12 -1 -1 32 -1 -1 -1 -1 -1 21 2 -1 5 24 -1 18 0 32 17 8 32 6 18 12 16 -1 -1 -1 31 1 -1 -1 -1 -1 -1 -1 15 6 4 -1 27 21 34 6 25 -1 29 32 4 -1 -1 11 29 -1 -1 -1 30 -1 18 29 
-1 -1 2 -1 -1 8 -1 5 -1 1 -1 25 -1 24 27 -1 28 -1 0 -1 21 -1 25 27 25 18 13 24 -1 -1 -1 19 3 20 -1 -1 12 31 31 -1 -1 -1 33 -1 21 25 23 2 -1 12 -1 6 -1 5 3 -1 30 -1 -1 11 13 33 -1 1 3 7 15 12 24 12 -1 -1 8 -1 -1 32 11 -1 7 9 8 -1 28 -1 -1 3 27 16 -1 20 2 8 30 15 13 30 4 9 16 31 
-1 8 26 -1 2 17 -1 -1 34 7 -1 -1 6 -1 20 -1 32 -1 -1 0 13 30 30 14 24 -1 25 4 10 -1 3 7 -1 7 3 -1 8 -1 25 16 30 9 -1 -1 -1 11 10 32 -1 -1 6 -1 16 3 -1 8 32 -1 -1 -1 9 -1 -1 3 29 34 15 10 -1 -1 2 -1 3 21 -1 12 -1 10 14 5 -1 14 30 -1 21 6 18 34 -1 1 25 -1 34 -1 3 -1 31 -1 6 13 
-1 13 28 1 -1 15 -1 10 -1 0 -1 22 -1 28 -1 0 22 -1 5 18 0 -1 -1 25 -1 16 15 -1 -1 -1 10 -1 -1 16 -1 23 -1 8 23 27 6 21 -1 -1 5 25 -1 20 11 24 30 28 -1 8 32 -1 -1 -1 6 18 -1 -1 32 -1 27 8 -1 -1 28 -1 2 -1 10 28 23 23 -1 -1 23 -1 27 32 -1 -1 28 -1 -1 19 -1 27 3 24 -1 -1 -1 -1 -1 9 22 28 
-1 4 15 27 -1 11 -1 28 31 12 -1 14 -1 1 30 17 21 -1 -1 18 6 0 13 -1 -1 28 -1 -1 28 -1 16 11 3 1 3 11 28 -1 29 -1 24 33 -1 -1 2 3 18 9 20 -1 -1 4 -1 -1 29 34 21 -1 -1 -1 25 1 -1 6 29 -1 -1 -1 9 29 5 34 -1 9 27 -1 -1 23 29 -1 25 16 -1 -1 23 -1 20 13 -1 -1 -1 11 -1 10 -1 33 6 -1 29 -1 
-1 32 18 -1 -1 12 28 16 7 -1 -1 22 -1 8 18 3 33 7 -1 -1 -1 -1 0 -1 21 11 30 34 14 17 -1 9 -1 4 8 9 33 -1 11 9 8 8 -1 7 26 -1 16 29 8 19 -1 -1 0 -1 9 -1 -1 22 1 13 30 -1 17 10 -1 15 7 -1 -1 -1 16 -1 -1 -1 29 3 29 12 -1 -1 -1 -1 10 11 -1 28 16 10 -1 21 -1 11 18 34 25 25 32 31 -1 15 
-1 -1 -1 19 -1 -1 25 26 8 13 -1 10 -1 23 -1 -1 -1 7 24 8 24 7 1 0 3 29 13 -1 -1 15 23 23 1 4 -1 30 -1 9 34 -1 -1 21 0 0 28 8 -1 24 -1 22 -1 -1 10 17 15 -1 7 15 -1 24 -1 -1 19 8 -1 9 -1 -1 -1 -1 -1 8 28 12 -1 7 -1 -1 7 -1 -1 -1 16 -1 14 22 -1 -1 34 14 -1 -1 -1 -1 -1 19 3 -1 -1 21 
-1 33 -1 16 4 22 -1 20 -1 -1 33 23 -1 11 -1 -1 9 5 9 5 -1 1 21 -1 0 25 1 -1 2 -1 1 -1 -1 23 32 -1 21 13 34 -1 28 34 -1 27 33 11 -1 29 30 -1 0 9 -1 1 9 18 34 4 -1 -1 -1 -1 -1 -1 20 4 -1 -1 -1 17 -1 -1 -1 24 -1 -1 29 -1 -1 3 34 -1 17 -1 34 -1 11 -1 6 -1 -1 17 -1 -1 1 7 31 -1 14 25 
-1 20 -1 -1 23 -1 -1 32 19 -1 -1 24 -1 27 -1 -1 -1 12 23 -1 -1 -1 7 26 32 0 21 23 -1 32 25 -1 -1 6 32 20 17 25 31 18 2 28 -1 2 25 20 10 -1 15 20 -1 19 -1 -1 25 14 5 -1 -1 -1 13 -1 1 2 1 -1 -1 32 16 -1 34 25 24 -1 -1 8 -1 3 27 6 32 -1 22 34 26 19 -1 -1 4 -1 14 -1 12 14 29 2 24 -1 -1 0 
-1 2 -1 33 12 1 23 -1 -1 -1 -1 27 12 -1 -1 -1 -1 24 32 -1 -1 24 21 33 12 7 0 1 -1 11 24 31 23 -1 -1 4 32 29 -1 13 -1 30 15 26 21 19 11 -1 33 22 1 17 31 -1 -1 16 -1 -1 21 -1 -1 5 17 15 32 28 -1 10 1 -1 2 -1 -1 -1 -1 27 -1 9 -1 16 1 5 6 -1 5 12 7 18 -1 23 -1 21 -1 -1 -1 17 19 29 28 34 
-1 -1 16 14 19 28 17 22 -1 -1 -1 6 9 14 -1 20 -1 -1 -1 -1 -1 0 7 6 13 -1 18 0 4 4 20 3 -1 -1 15 -1 20 28 1 -1 6 -1 25 22 22 -1 17 3 19 10 28 -1 30 18 12 -1 -1 18 6 29 16 4 -1 30 32 15 20 28 -1 18 -1 14 15 -1 -1 -1 32 -1 -1 -1 13 3 10 11 -1 30 21 7 -1 32 28 -1 29 -1 9 31 -1 18 18 14 
-1 -1 -1 -1 18 -1 -1 2 -1 15 -1 -1 -1 15 2 -1 3 2 -1 13 -1 33 25 30 28 5 5 -1 0 19 27 -1 2 -1 8 30 27 -1 16 -1 -1 -1 -1 11 -1 17 34 29 1 -1 11 4 8 12 -1 28 7 -1 -1 8 -1 -1 8 -1 -1 -1 -1 22 12 -1 -1 -1 5 6 -1 -1 -1 -1 -1 -1 22 17 -1 14 -1 -1 7 17 -1 29 -1 27 -1 34 27 9 -1 -1 -1 5 
-1 17 -1 1 32 19 -1 21 19 28 19 21 -1 9 5 15 -1 8 12 -1 6 17 10 -1 28 28 19 -1 -1 0 7 11 15 11 -1 -1 -1 1 34 21 31 -1 17 6 26 -1 23 33 -1 21 -1 -1 5 -1 2 18 14 -1 19 -1 -1 15 -1 -1 11 -1 -1 13 -1 33 -1 -1 32 -1 -1 18 15 7 -1 -1 7 0 -1 22 -1 15 -1 0 20 -1 -1 30 -1 34 23 -1 16 -1 -1 2 
-1 -1 -1 -1 2 25 -1 -1 -1 33 13 -1 14 -1 34 11 -1 31 32 3 19 -1 10 16 21 -1 18 27 -1 4 0 11 18 29 22 8 29 21 -1 34 17 -1 -1 16 19 -1 10 16 -1 -1 11 0 -1 3 21 -1 33 -1 -1 3 27 2 -1 -1 -1 28 28 -1 -1 -1 20 10 -1 3 31 7 -1 -1 12 29 -1 -1 -1 -1 29 31 19 -1 19 3 -1 -1 -1 -1 24 -1 12 20 -1 34 
-1 5 2 16 13 -1 11 -1 19 -1 13 -1 -1 15 -1 -1 31 -1 21 -1 25 7 22 6 18 10 33 -1 -1 21 -1 0 -1 -1 28 -1 -1 23 -1 6 -1 -1 13 -1 7 28 -1 -1 -1 1 26 13 -1 -1 -1 0 17 -1 22 27 2 24 21 -1 -1 27 10 -1 19 27 -1 21 7 -1 6 19 -1 19 -1 1 -1 -1 19 -1 2 8 -1 -1 5 -1 -1 22 25 -1 13 10 32 17 26 19 
-1 16 26 -1 -1 31 -1 31 27 -1 21 14 22 21 21 22 33 -1 29 17 5 15 -1 21 0 -1 14 5 33 18 -1 14 0 19 33 -1 -1 3 33 16 -1 5 -1 -1 -1 28 15 -1 6 -1 10 20 29 9 5 25 9 -1 -1 13 -1 19 27 9 -1 21 30 10 32 23 7 5 33 23 24 32 30 -1 -1 20 1 18 -1 -1 6 30 16 9 6 9 -1 24 -1 -1 13 -1 23 2 -1 12 
-1 1 1 0 -1 -1 -1 -1 25 15 25 10 5 -1 -1 -1 15 16 18 -1 -1 18 -1 29 18 -1 25 12 29 -1 -1 -1 7 0 -1 33 -1 -1 24 -1 -1 -1 19 19 20 4 29 8 19 12 20 32 29 -1 6 15 28 -1 -1 -1 21 22 31 1 -1 33 24 -1 26 -1 16 -1 3 20 9 -1 -1 8 -1 29 1 13 14 0 14 -1 18 6 -1 -1 23 -1 -1 -1 34 -1 -1 -1 10 -1 
-1 15 -1 12 2 -1 0 -1 -1 -1 7 -1 10 24 5 -1 0 25 -1 15 26 17 1 -1 1 6 -1 -1 -1 17 -1 9 -1 23 0 -1 18 1 -1 27 -1 10 11 14 -1 15 9 -1 -1 -1 2 22 -1 33 -1 4 26 -1 -1 -1 27 5 20 7 34 -1 -1 22 -1 -1 10 -1 2 1 -1 -1 5 0 20 -1 13 -1 -1 -1 -1 29 10 -1 -1 17 -1 -1 -1 -1 24 20 14 -1 9 0 
-1 24 -1 7 8 14 -1 20 21 31 -1 -1 -1 15 21 5 -1 19 -1 8 -1 25 23 0 12 -1 2 20 30 4 -1 -1 14 5 -1 0 -1 -1 16 5 19 1 19 -1 -1 4 16 25 13 11 10 -1 23 15 7 -1 10 -1 1 5 -1 26 -1 -1 0 -1 29 -1 28 5 34 -1 10 -1 -1 8 19 5 0 -1 17 -1 4 6 10 11 24 27 -1 29 -1 2 -1 0 15 -1 -1 11 14 11 
-1 -1 -1 -1 23 7 -1 13 27 -1 34 32 -1 9 -1 20 26 -1 30 17 -1 -1 32 1 22 31 6 11 25 -1 26 -1 3 -1 21 -1 0 6 -1 -1 27 31 24 23 -1 -1 15 13 -1 -1 24 32 -1 27 11 -1 8 31 12 -1 24 16 -1 19 -1 30 -1 -1 -1 6 -1 20 -1 -1 13 17 13 -1 24 -1 -1 -1 9 20 8 31 -1 -1 3 -1 -1 7 31 0 -1 18 20 31 -1 1 
-1 -1 22 1 29 16 10 10 34 22 -1 22 15 -1 -1 -1 -1 21 11 7 21 -1 12 -1 18 1 3 -1 30 12 -1 11 -1 -1 19 7 26 0 13 20 -1 32 -1 26 34 1 -1 31 17 -1 21 24 14 18 30 -1 25 -1 -1 22 27 -1 17 -1 4 32 26 6 6 32 -1 27 7 9 6 34 -1 11 -1 29 -1 14 -1 27 -1 -1 31 19 10 3 3 9 -1 17 11 -1 21 -1 0 23 
-1 -1 12 -1 -1 -1 -1 9 16 15 34 -1 -1 -1 7 7 -1 12 -1 34 -1 17 -1 -1 -1 -1 34 31 -1 -1 29 15 -1 -1 -1 23 14 13 0 -1 4 2 -1 13 25 -1 13 -1 -1 27 -1 -1 -1 -1 25 19 2 10 0 6 -1 -1 -1 28 28 -1 29 1 -1 2 -1 8 22 11 -1 23 31 -1 -1 26 30 4 13 24 24 -1 -1 26 14 -1 9 29 4 -1 -1 24 -1 -1 -1 2 
-1 33 33 14 6 1 -1 12 13 -1 4 5 -1 -1 1 6 7 -1 -1 32 -1 -1 -1 8 33 3 14 25 -1 -1 5 -1 22 -1 18 19 -1 -1 20 0 5 7 -1 -1 2 7 -1 5 -1 12 -1 -1 23 13 -1 -1 24 21 -1 31 -1 -1 17 20 24 -1 32 26 -1 22 -1 4 30 -1 6 -1 9 -1 16 6 5 -1 -1 20 -1 13 12 13 -1 8 23 20 -1 -1 9 -1 25 6 31 22 
-1 -1 -1 2 -1 19 18 15 -1 8 -1 3 9 -1 26 -1 -1 11 -1 28 -1 16 -1 8 28 23 -1 31 8 4 1 -1 19 -1 29 22 -1 -1 9 27 0 -1 1 6 -1 9 24 -1 14 4 17 -1 -1 -1 -1 25 -1 -1 25 21 10 -1 3 -1 6 -1 -1 2 20 23 -1 16 26 -1 12 25 -1 -1 -1 -1 3 27 -1 -1 32 -1 22 -1 -1 -1 22 30 4 27 11 17 -1 -1 24 31 
-1 32 -1 26 -1 10 1 34 19 -1 -1 -1 16 24 32 -1 -1 11 10 -1 18 17 -1 19 -1 3 -1 0 15 26 29 -1 9 1 -1 -1 -1 -1 -1 23 -1 0 7 20 5 20 -1 -1 33 13 14 -1 -1 -1 -1 23 -1 21 25 -1 10 7 34 27 15 16 -1 -1 -1 33 2 -1 -1 -1 12 -1 23 16 31 5 -1 -1 1 19 4 4 -1 6 11 3 -1 28 -1 -1 20 -1 -1 -1 -1 29 
-1 6 5 -1 17 29 14 28 -1 -1 25 4 3 31 30 19 19 -1 26 18 -1 -1 -1 24 -1 20 -1 15 -1 13 -1 9 26 -1 5 -1 33 -1 3 32 33 11 0 -1 -1 26 23 27 29 -1 16 -1 -1 -1 -1 22 -1 -1 7 -1 -1 -1 -1 -1 13 -1 9 15 18 -1 -1 15 -1 1 -1 3 23 27 20 1 -1 20 -1 23 24 14 -1 -1 22 4 -1 -1 29 31 18 26 33 -1 -1 33 
-1 2 -1 2 22 25 28 -1 -1 -1 33 -1 29 34 12 25 29 8 18 16 0 21 29 20 32 14 -1 4 -1 16 -1 24 -1 6 -1 -1 -1 -1 -1 -1 20 -1 15 0 -1 9 23 11 19 15 30 -1 -1 -1 -1 20 -1 5 -1 -1 2 18 -1 -1 25 15 24 26 -1 -1 11 -1 2 25 29 -1 -1 -1 6 -1 -1 18 -1 -1 22 -1 -1 -1 17 1 4 6 -1 -1 -1 31 -1 -1 27 10 
-1 -1 0 34 28 21 10 -1 -1 0 -1 -1 16 -1 31 17 -1 -1 -1 23 -1 0 20 7 -1 0 -1 1 33 31 6 13 -1 18 14 25 28 -1 15 7 -1 -1 -1 23 0 1 32 21 -1 17 -1 33 2 6 -1 -1 25 32 5 12 -1 20 4 9 -1 -1 13 17 25 31 7 17 25 -1 -1 -1 7 17 -1 14 7 -1 -1 33 25 -1 26 -1 22 19 4 17 24 10 2 15 -1 23 -1 8 
-1 26 34 -1 -1 -1 -1 -1 -1 11 9 11 -1 27 -1 0 6 -1 -1 -1 -1 -1 -1 -1 14 3 17 -1 25 33 4 -1 -1 -1 11 -1 33 -1 -1 33 -1 20 29 -1 -1 0 6 16 19 18 32 16 -1 33 14 -1 -1 16 -1 29 1 22 -1 23 24 24 -1 -1 -1 -1 25 10 30 13 -1 5 33 -1 -1 -1 8 -1 -1 0 14 -1 1 -1 -1 -1 -1 33 11 33 12 10 1 7 13 11 
-1 -1 -1 31 32 15 -1 -1 -1 25 -1 10 -1 10 -1 2 -1 -1 0 -1 15 -1 32 -1 6 -1 -1 -1 3 4 -1 15 24 -1 25 20 -1 32 26 -1 -1 -1 3 -1 4 15 0 1 29 -1 -1 11 15 24 -1 -1 -1 26 21 28 8 6 -1 -1 -1 -1 21 -1 13 -1 -1 28 24 16 24 -1 -1 31 0 11 -1 -1 -1 32 -1 -1 26 27 -1 32 -1 0 13 28 33 20 21 24 -1 33 
-1 19 -1 11 -1 17 7 -1 30 19 -1 34 21 26 2 -1 11 -1 -1 -1 6 -1 -1 29 17 8 -1 8 -1 -1 31 11 -1 22 13 9 -1 4 -1 11 21 10 1 -1 9 1 19 0 7 26 14 24 -1 22 19 5 -1 -1 -1 -1 15 12 25 1 16 -1 -1 -1 -1 -1 34 -1 -1 29 -1 -1 -1 26 20 21 -1 -1 -1 9 26 -1 -1 7 28 8 -1 -1 -1 -1 5 -1 -1 0 13 33 
-1 14 5 4 16 17 -1 14 -1 13 -1 -1 31 33 34 17 -1 6 32 -1 4 10 2 4 15 22 -1 12 9 27 -1 29 22 1 -1 17 31 -1 2 24 23 0 8 18 -1 -1 -1 19 0 33 22 -1 2 30 -1 7 2 -1 9 9 5 10 14 -1 -1 34 -1 34 4 -1 13 -1 -1 34 2 -1 14 25 -1 -1 -1 12 14 -1 33 -1 -1 30 -1 3 25 -1 -1 12 30 25 -1 -1 -1 14 
-1 4 32 -1 13 24 3 -1 -1 -1 7 27 -1 16 25 17 24 19 -1 7 -1 -1 6 -1 33 4 10 -1 -1 6 -1 -1 22 -1 -1 15 20 26 31 0 -1 9 16 -1 -1 22 -1 7 28 0 -1 -1 9 -1 8 -1 -1 -1 21 23 -1 33 27 -1 25 7 -1 18 16 -1 14 25 -1 -1 -1 -1 13 -1 31 25 26 27 28 -1 4 8 18 -1 -1 4 -1 -1 12 18 11 7 23 12 -1 30 
-1 20 -1 -1 25 -1 -1 18 12 0 -1 20 6 14 19 -1 23 -1 -1 -1 12 -1 -1 -1 -1 -1 -1 9 13 -1 25 -1 0 2 23 -1 2 28 -1 26 4 13 -1 -1 6 -1 11 -1 13 29 0 -1 -1 31 -1 22 9 11 14 -1 9 24 -1 -1 10 32 7 16 2 -1 -1 24 -1 -1 29 -1 29 -1 28 -1 2 19 24 21 29 -1 14 -1 9 34 17 9 8 25 -1 28 -1 19 -1 30 
-1 14 2 9 -1 5 13 25 8 4 5 16 -1 1 15 31 -1 27 2 -1 -1 23 -1 -1 23 23 -1 -1 5 4 -1 -1 17 16 -1 32 15 -1 1 19 34 22 23 -1 23 31 -1 18 8 22 -1 0 12 7 -1 28 -1 30 -1 -1 7 31 21 1 6 33 0 21 -1 34 3 21 -1 -1 -1 -1 -1 20 0 21 23 -1 -1 33 -1 32 0 -1 6 20 8 -1 -1 28 -1 -1 2 27 1 8 
-1 11 5 33 8 17 19 22 26 2 -1 -1 12 10 0 2 -1 25 21 -1 -1 18 10 14 -1 -1 -1 11 27 2 -1 25 -1 -1 10 5 -1 22 14 -1 19 -1 14 25 31 27 17 -1 -1 -1 14 -1 0 5 -1 26 -1 -1 4 -1 -1 23 18 22 31 -1 -1 -1 -1 1 -1 -1 34 -1 -1 23 10 -1 23 -1 27 27 18 29 -1 19 1 19 -1 26 1 -1 2 16 24 27 -1 -1 -1 17 
-1 -1 0 0 0 27 23 -1 -1 1 -1 -1 6 -1 4 28 10 -1 -1 6 27 -1 33 4 6 34 14 -1 22 16 22 12 -1 15 1 7 2 25 -1 31 15 22 31 -1 19 22 26 1 22 33 31 24 2 0 4 13 -1 -1 19 17 29 18 18 17 -1 10 -1 24 22 9 34 24 6 15 24 -1 34 9 4 26 -1 -1 28 -1 -1 -1 -1 5 26 0 -1 -1 -1 28 18 -1 -1 -1 -1 -1 
-1 25 -1 7 31 31 7 24 20 5 13 -1 -1 -1 17 8 19 23 -1 -1 -1 26 5 19 8 -1 -1 4 24 10 6 1 8 34 12 20 -1 28 -1 3 10 13 -1 -1 29 3 13 -1 2 -1 2 19 6 27 0 -1 31 -1 -1 29 -1 -1 27 -1 -1 25 30 -1 17 7 17 -1 18 13 27 1 24 -1 4 -1 25 25 5 9 8 2 7 25 -1 3 31 23 -1 -1 -1 5 10 -1 -1 20 
-1 9 -1 -1 -1 -1 7 -1 21 -1 7 9 27 30 -1 22 18 -1 -1 -1 10 25 -1 2 -1 -1 -1 -1 -1 23 25 31 -1 -1 13 -1 22 7 4 18 15 -1 27 -1 1 26 29 30 22 30 28 -1 -1 27 29 0 -1 -1 28 -1 22 15 4 -1 4 2 -1 12 -1 14 27 5 0 -1 -1 -1 31 25 24 -1 16 11 30 23 -1 28 26 1 -1 28 23 -1 18 20 18 14 17 13 29 2 
-1 14 -1 14 28 -1 34 3 20 3 27 -1 -1 27 -1 -1 28 7 13 2 -1 0 -1 2 27 5 -1 6 15 -1 -1 -1 -1 -1 -1 22 13 11 -1 20 2 9 4 4 -1 7 3 3 20 -1 22 5 21 0 7 9 0 32 -1 22 -1 20 -1 -1 21 7 -1 13 21 -1 34 31 12 -1 21 12 1 11 -1 -1 -1 -1 -1 29 27 -1 12 -1 -1 -1 -1 1 26 -1 -1 -1 27 5 -1 28 
-1 17 -1 -1 17 -1 -1 7 -1 32 -1 29 -1 -1 29 -1 1 -1 13 25 6 8 20 -1 -1 2 9 25 30 -1 -1 -1 1 -1 30 13 27 -1 14 16 13 -1 -1 30 -1 -1 11 -1 23 -1 9 20 29 -1 24 30 11 0 -1 1 26 -1 10 -1 -1 26 33 31 3 -1 24 16 18 -1 10 9 20 19 -1 5 27 26 -1 -1 -1 26 7 -1 0 20 30 -1 -1 -1 32 2 4 31 31 -1 
-1 22 -1 27 -1 10 30 -1 17 20 12 -1 -1 28 -1 30 -1 25 -1 14 8 20 18 -1 17 19 -1 31 -1 27 -1 1 16 -1 15 -1 25 -1 13 3 1 -1 4 -1 -1 -1 30 -1 -1 22 1 17 19 0 32 -1 27 -1 0 7 18 -1 9 -1 -1 12 10 -1 7 29 16 -1 11 24 6 -1 28 30 -1 11 14 -1 26 -1 21 -1 -1 27 0 -1 1 16 -1 6 20 6 34 1 33 29 
-1 9 -1 -1 -1 20 21 -1 21 -1 -1 27 -1 -1 -1 32 -1 26 -1 8 31 19 20 -1 -1 33 25 -1 -1 -1 -1 32 -1 17 10 14 -1 22 13 -1 -1 -1 -1 14 18 6 24 2 4 -1 -1 24 22 -1 -1 -1 -1 -1 13 0 -1 -1 24 -1 16 26 -1 10 26 -1 34 27 32 31 8 0 16 -1 -1 28 -1 8 -1 19 7 8 22 9 -1 9 -1 24 4 7 33 3 -1 -1 34 6 
-1 13 1 -1 6 -1 33 -1 9 4 5 -1 28 -1 -1 17 -1 0 -1 26 33 19 -1 8 8 27 2 26 5 19 -1 -1 30 20 -1 -1 20 13 13 -1 -1 27 32 24 7 -1 28 3 12 32 20 -1 -1 15 23 3 7 -1 -1 7 0 -1 1 10 13 0 -1 -1 30 -1 31 24 -1 0 11 10 -1 5 11 -1 -1 27 19 8 32 -1 33 -1 7 20 23 -1 16 19 31 34 -1 1 -1 13 
-1 26 -1 -1 11 8 26 -1 25 -1 25 2 20 -1 28 -1 20 -1 29 -1 10 17 -1 -1 24 4 20 28 -1 -1 10 12 2 -1 29 0 -1 2 18 15 16 -1 -1 -1 15 20 14 21 -1 6 9 2 6 22 -1 -1 -1 0 4 17 6 0 15 17 -1 -1 -1 21 4 1 -1 15 3 -1 13 24 -1 29 2 0 25 20 29 5 32 10 23 -1 6 13 4 -1 -1 -1 28 18 3 -1 16 20 
-1 17 -1 -1 1 26 -1 28 -1 -1 15 1 3 28 22 11 -1 28 4 5 28 4 28 19 23 9 0 32 -1 -1 23 -1 32 25 -1 16 2 -1 27 34 -1 23 -1 19 29 8 -1 8 7 17 22 -1 -1 -1 12 -1 -1 -1 -1 -1 -1 -1 0 -1 -1 10 6 -1 -1 18 11 22 9 25 -1 -1 -1 -1 22 1 23 33 32 29 13 -1 -1 2 17 20 -1 -1 -1 -1 -1 -1 -1 -1 -1 4 
-1 -1 32 -1 -1 -1 -1 0 -1 -1 13 25 -1 -1 -1 22 15 9 0 33 17 21 14 -1 -1 -1 -1 -1 7 16 6 -1 1 -1 -1 17 34 -1 0 -1 -1 28 1 12 -1 15 19 9 -1 3 10 -1 12 18 -1 11 19 4 10 -1 -1 31 -1 0 3 22 -1 33 -1 -1 31 24 26 -1 -1 8 29 -1 27 -1 -1 -1 13 4 12 -1 -1 -1 -1 33 25 27 17 -1 27 5 9 21 -1 25 
-1 9 -1 31 -1 -1 -1 -1 -1 3 -1 -1 -1 -1 -1 9 -1 19 6 29 -1 26 1 10 3 -1 12 -1 -1 -1 23 25 13 -1 -1 13 -1 15 11 14 -1 -1 21 25 -1 30 -1 26 24 -1 13 -1 -1 32 33 21 12 -1 -1 24 27 -1 -1 -1 0 25 32 3 -1 15 -1 7 9 -1 -1 17 13 -1 4 19 31 4 23 26 13 24 26 23 21 26 21 18 -1 4 25 12 -1 -1 -1 -1 
-1 -1 -1 3 18 -1 -1 32 3 28 -1 -1 13 24 -1 22 22 -1 14 -1 -1 -1 31 19 20 14 -1 26 10 34 25 -1 -1 -1 -1 -1 13 26 31 6 -1 27 -1 -1 -1 -1 3 10 3 -1 -1 31 -1 11 26 24 30 24 23 -1 9 31 13 -1 -1 0 19 -1 29 -1 -1 -1 6 33 12 24 23 16 -1 24 14 29 31 22 23 -1 3 -1 -1 29 -1 -1 25 25 21 -1 -1 31 -1 0 
-1 30 5 27 -1 -1 12 -1 17 20 -1 -1 27 -1 6 -1 0 26 15 29 16 19 -1 -1 -1 17 0 -1 -1 -1 -1 15 24 30 -1 34 -1 20 3 -1 -1 13 0 32 22 17 31 29 12 31 11 -1 3 16 -1 -1 14 3 22 4 18 31 14 26 -1 1 0 -1 33 -1 -1 26 14 7 -1 25 24 -1 17 -1 15 -1 -1 20 15 -1 -1 -1 -1 4 -1 -1 -1 -1 17 32 -1 -1 3 19 
-1 6 30 21 17 26 10 6 -1 6 -1 -1 21 15 -1 24 -1 -1 14 -1 -1 10 -1 15 7 -1 -1 33 31 -1 2 -1 22 -1 26 9 -1 19 14 -1 -1 -1 -1 -1 -1 6 -1 -1 28 19 -1 -1 24 11 -1 23 -1 -1 2 23 -1 30 15 -1 21 0 -1 0 33 2 -1 -1 21 -1 20 29 0 5 -1 -1 -1 22 8 -1 33 -1 16 8 17 34 32 8 -1 -1 -1 8 25 2 -1 -1 
-1 -1 11 14 -1 -1 21 11 31 24 20 17 34 -1 -1 29 16 -1 27 -1 31 32 0 -1 0 25 -1 -1 2 17 28 6 27 30 -1 15 5 -1 31 -1 -1 -1 0 -1 4 4 -1 2 -1 17 -1 26 23 32 -1 7 16 33 -1 4 18 -1 -1 -1 18 27 16 -1 0 18 -1 -1 -1 33 20 6 -1 9 -1 -1 20 23 -1 5 18 17 22 -1 -1 30 7 -1 -1 -1 8 -1 -1 18 -1 -1 
-1 18 -1 -1 20 15 11 14 -1 15 30 -1 23 5 33 -1 15 -1 22 -1 -1 32 16 -1 -1 0 32 30 10 -1 -1 15 32 24 16 27 24 18 4 -1 0 5 -1 -1 16 22 -1 -1 9 32 10 13 17 6 0 -1 14 32 -1 22 25 15 -1 20 33 19 33 34 29 0 9 32 -1 -1 1 30 25 -1 -1 14 -1 0 30 -1 26 -1 10 -1 -1 -1 -1 31 -1 20 32 -1 -1 -1 -1 26 
-1 -1 24 -1 23 -1 15 -1 -1 10 16 -1 26 12 -1 0 14 -1 -1 -1 17 27 -1 10 -1 -1 -1 -1 10 24 2 -1 25 19 17 31 11 4 -1 -1 -1 12 -1 28 -1 13 9 6 -1 -1 16 22 17 7 26 24 15 -1 18 -1 -1 -1 5 14 21 34 1 30 31 15 0 -1 -1 16 -1 -1 11 -1 -1 31 -1 0 -1 20 -1 7 -1 20 -1 24 -1 -1 -1 11 8 -1 8 -1 -1 27 
-1 24 -1 30 -1 -1 -1 -1 -1 2 11 -1 -1 6 -1 8 33 -1 25 31 -1 29 29 32 -1 -1 -1 12 -1 20 -1 -1 -1 -1 -1 -1 -1 -1 -1 16 14 4 -1 -1 2 8 6 15 -1 14 28 20 3 -1 11 -1 9 31 -1 12 -1 19 9 -1 4 -1 2 -1 14 14 17 0 -1 12 23 -1 -1 1 31 30 -1 -1 5 32 -1 10 -1 -1 25 1 -1 -1 -1 4 7 0 -1 26 -1 19 
-1 0 10 11 17 25 21 21 17 -1 -1 7 8 -1 29 13 8 19 3 3 13 14 20 0 28 -1 9 0 28 21 26 -1 0 -1 3 3 -1 -1 6 15 11 -1 7 25 2 8 34 0 6 9 16 -1 -1 -1 -1 0 14 13 5 -1 -1 12 -1 2 -1 24 31 -1 29 -1 -1 -1 0 -1 9 -1 -1 -1 19 -1 -1 -1 -1 -1 -1 17 23 14 -1 -1 11 21 8 18 -1 11 -1 23 -1 -1 
-1 14 -1 23 3 21 10 9 12 30 -1 14 17 -1 -1 19 30 28 22 -1 -1 4 7 -1 20 -1 28 25 15 1 33 13 -1 -1 4 -1 34 -1 -1 10 -1 2 -1 13 25 10 15 19 -1 14 32 -1 -1 5 12 20 31 32 9 -1 1 -1 -1 16 -1 -1 -1 -1 9 23 2 -1 0 0 2 -1 20 -1 25 19 31 19 18 -1 -1 -1 -1 26 -1 11 -1 -1 -1 27 -1 -1 -1 -1 -1 15 
-1 18 28 4 32 26 10 -1 14 -1 30 34 -1 -1 -1 -1 21 34 5 31 -1 -1 -1 -1 -1 0 28 15 11 25 -1 -1 11 32 -1 23 29 -1 30 26 17 22 29 7 19 1 10 23 10 -1 -1 -1 -1 20 12 28 -1 34 -1 18 -1 13 -1 27 -1 16 -1 -1 15 -1 -1 -1 22 29 0 28 11 1 -1 -1 -1 -1 -1 17 -1 9 29 -1 28 14 -1 32 31 21 -1 34 33 8 -1 31 
-1 -1 -1 18 3 -1 4 0 0 -1 -1 -1 -1 -1 3 -1 23 34 -1 18 -1 8 7 -1 24 -1 31 14 -1 -1 18 21 -1 -1 -1 -1 -1 -1 -1 11 26 27 10 -1 32 12 -1 29 16 -1 11 13 6 6 15 -1 30 26 -1 15 -1 15 11 -1 22 15 28 8 -1 -1 30 23 20 15 -1 0 19 19 -1 -1 5 -1 33 15 -1 -1 9 32 -1 34 11 -1 30 15 -1 27 -1 25 21 31 
-1 -1 4 3 12 -1 30 -1 -1 3 7 -1 6 -1 8 1 -1 10 3 -1 33 11 17 -1 0 -1 -1 13 11 20 -1 23 21 -1 13 -1 -1 -1 7 13 -1 22 -1 24 -1 -1 -1 3 0 9 12 14 -1 -1 21 5 -1 2 2 15 10 11 3 10 -1 -1 12 15 2 24 -1 15 8 6 -1 33 0 16 -1 31 -1 18 24 -1 25 25 -1 -1 1 3 -1 12 2 -1 21 8 29 3 34 28 
-1 11 16 -1 12 5 12 -1 -1 28 -1 7 -1 15 12 -1 -1 21 7 25 -1 2 17 31 5 1 3 17 -1 1 -1 17 18 -1 19 -1 9 31 -1 20 -1 3 -1 20 -1 2 0 22 1 -1 23 -1 -1 22 12 -1 -1 15 -1 18 -1 -1 -1 -1 5 9 3 9 22 -1 -1 -1 31 -1 27 -1 34 0 23 29 21 31 8 -1 27 20 -1 1 -1 -1 -1 16 -1 18 -1 -1 1 30 3 16 
-1 -1 -1 29 -1 17 1 4 17 25 -1 17 32 19 -1 25 -1 2 -1 21 0 -1 6 -1 -1 2 -1 1 -1 10 -1 -1 18 -1 5 17 5 28 26 28 12 14 -1 11 28 -1 7 -1 24 -1 -1 -1 -1 -1 7 -1 19 -1 9 -1 2 1 -1 7 -1 7 29 -1 -1 7 5 15 4 12 -1 -1 9 -1 0 -1 -1 -1 28 19 -1 14 -1 -1 5 8 5 -1 -1 28 12 2 -1 24 14 -1 
-1 -1 6 2 21 -1 -1 17 24 -1 -1 2 17 -1 32 -1 33 8 -1 -1 -1 30 29 16 -1 1 25 -1 -1 -1 18 17 16 -1 -1 3 22 22 -1 -1 26 0 13 -1 32 5 -1 -1 10 6 4 11 28 -1 -1 26 -1 32 29 18 -1 -1 0 18 2 17 9 -1 19 28 -1 -1 15 9 -1 -1 30 4 32 0 18 24 -1 13 5 19 32 24 7 -1 -1 -1 27 -1 20 32 8 29 9 18 
-1 8 16 -1 34 32 12 31 -1 22 7 -1 12 7 2 -1 18 16 -1 -1 2 -1 31 -1 34 15 -1 33 34 11 17 18 26 -1 -1 0 3 18 14 24 2 13 3 -1 1 -1 10 20 15 10 0 -1 0 21 23 -1 26 13 34 -1 14 16 -1 3 -1 20 28 -1 1 19 -1 18 3 -1 -1 33 33 27 -1 -1 0 8 -1 -1 -1 28 7 11 -1 -1 -1 -1 -1 -1 15 -1 22 29 -1 31 
-1 -1 33 -1 23 17 19 -1 10 15 -1 -1 -1 -1 31 7 18 -1 -1 31 -1 21 6 7 -1 -1 -1 27 23 5 -1 29 33 21 32 -1 26 22 6 29 13 -1 4 -1 8 33 14 24 -1 -1 2 2 15 -1 -1 12 25 14 24 17 15 4 -1 4 9 -1 21 -1 23 33 -1 -1 -1 9 18 34 -1 -1 22 2 15 0 10 -1 33 -1 4 8 19 24 16 -1 26 25 15 -1 -1 22 4 17 
-1 14 -1 25 11 -1 23 -1 -1 -1 20 20 6 -1 -1 -1 9 33 -1 -1 5 7 4 25 21 -1 -1 17 -1 15 -1 28 2 0 -1 12 0 -1 -1 -1 -1 -1 28 16 5 -1 -1 17 -1 -1 9 4 2 1 -1 27 17 31 -1 -1 31 -1 -1 17 -1 -1 -1 26 -1 13 -1 -1 -1 26 16 -1 3 27 11 31 4 1 0 12 33 1 2 8 -1 5 3 7 21 -1 6 26 -1 12 -1 -1 
-1 -1 -1 -1 -1 -1 -1 9 28 -1 -1 16 25 13 -1 31 18 12 34 30 12 -1 19 -1 19 -1 4 -1 -1 26 4 -1 32 -1 23 -1 14 25 28 -1 23 -1 30 -1 14 -1 5 -1 15 30 20 -1 0 -1 28 -1 29 12 -1 -1 4 -1 -1 17 7 5 -1 -1 10 21 -1 -1 13 12 14 13 -1 -1 -1 -1 31 22 -1 0 30 12 27 17 27 -1 -1 14 24 19 -1 13 -1 13 30 -1 
-1 -1 13 -1 16 21 6 -1 11 22 -1 10 -1 -1 12 16 -1 -1 26 27 -1 3 9 20 -1 13 5 23 30 -1 -1 -1 -1 -1 -1 4 12 16 2 -1 17 12 8 33 -1 -1 19 -1 -1 34 -1 -1 16 -1 12 -1 10 2 27 -1 -1 13 18 28 -1 -1 26 -1 -1 -1 13 -1 -1 17 -1 -1 -1 20 -1 34 -1 18 -1 7 0 -1 -1 6 -1 25 -1 30 20 27 -1 3 -1 -1 6 20 
-1 2 -1 12 33 3 9 -1 -1 16 -1 12 -1 -1 -1 15 9 13 -1 12 2 30 4 -1 25 -1 -1 14 21 -1 11 4 33 13 -1 7 -1 -1 3 -1 -1 32 0 -1 -1 12 23 10 -1 6 -1 7 -1 34 29 -1 1 25 11 -1 2 -1 -1 32 15 14 -1 -1 24 20 -1 -1 -1 7 -1 25 -1 4 34 -1 -1 18 -1 22 6 0 -1 -1 10 22 -1 26 19 22 8 -1 -1 27 -1 17 
-1 -1 22 13 -1 1 -1 -1 -1 11 20 21 20 18 -1 34 31 -1 4 21 1 -1 12 -1 -1 -1 -1 -1 -1 28 5 -1 34 28 28 -1 -1 34 9 -1 -1 29 19 24 19 16 33 0 4 24 -1 4 -1 4 33 -1 26 24 -1 -1 3 10 26 23 -1 -1 0 -1 0 17 0 15 30 -1 4 30 7 -1 25 15 17 21 14 -1 25 3 0 -1 30 13 17 5 13 -1 2 -1 28 32 -1 -1 
-1 32 -1 -1 -1 -1 20 3 -1 -1 -1 -1 20 -1 9 0 -1 1 3 -1 11 16 24 14 14 14 7 -1 24 24 7 19 -1 22 9 -1 -1 27 -1 -1 32 12 11 -1 -1 -1 -1 -1 -1 32 0 22 11 10 34 14 5 -1 23 -1 -1 16 -1 8 24 -1 16 -1 15 17 16 -1 27 1 20 33 -1 23 -1 -1 2 19 5 4 4 33 7 0 18 -1 17 29 -1 6 19 -1 10 15 -1 8 
-1 -1 12 3 -1 -1 32 18 27 2 -1 26 -1 -1 -1 -1 34 30 -1 -1 13 -1 9 1 -1 25 20 -1 -1 -1 -1 -1 6 -1 22 -1 23 -1 4 -1 -1 9 10 -1 -1 -1 17 -1 24 -1 9 4 19 -1 -1 8 34 23 20 32 -1 24 30 -1 -1 -1 -1 7 -1 30 -1 -1 5 13 -1 10 -1 15 21 -1 -1 -1 10 -1 21 5 25 -1 0 -1 25 3 -1 10 9 6 20 -1 -1 26 
-1 -1 -1 -1 -1 6 -1 22 8 34 2 33 -1 13 -1 30 15 16 -1 -1 -1 -1 14 -1 20 -1 7 30 -1 22 34 11 34 22 26 -1 16 -1 -1 17 34 -1 -1 -1 -1 18 -1 12 30 27 1 1 -1 16 -1 33 -1 -1 17 -1 31 29 -1 -1 21 22 30 11 27 -1 30 29 -1 32 -1 6 -1 -1 -1 -1 18 -1 4 16 -1 -1 9 6 7 0 -1 34 15 1 -1 -1 -1 29 -1 -1 
-1 -1 -1 -1 -1 34 -1 -1 -1 16 -1 7 26 33 14 32 -1 22 -1 22 10 -1 12 10 4 11 19 20 -1 13 -1 3 28 10 16 17 13 18 -1 -1 -1 -1 -1 14 -1 16 -1 -1 27 -1 26 23 5 -1 25 27 31 -1 25 19 1 -1 34 7 -1 19 21 23 -1 14 32 -1 -1 -1 -1 33 7 16 9 -1 -1 13 -1 -1 -1 20 22 12 6 29 0 8 4 11 -1 4 9 -1 10 12 
-1 26 -1 31 8 34 15 14 -1 31 -1 14 8 -1 7 14 -1 22 33 16 -1 27 -1 -1 -1 -1 9 -1 4 -1 -1 21 -1 0 -1 -1 6 -1 15 -1 7 23 19 14 17 17 -1 34 14 33 32 -1 28 19 -1 -1 33 27 -1 24 -1 4 23 -1 34 -1 -1 33 19 22 7 9 -1 33 -1 -1 -1 -1 0 17 21 4 -1 -1 13 -1 -1 3 13 11 28 0 -1 -1 -1 -1 34 -1 33 9 
-1 20 6 15 11 8 -1 -1 8 -1 -1 4 -1 32 0 -1 -1 28 -1 33 22 2 2 12 -1 -1 -1 -1 -1 21 -1 14 10 29 2 11 2 27 25 -1 -1 31 -1 -1 31 -1 -1 17 5 34 -1 -1 1 29 -1 11 -1 18 24 23 28 33 33 -1 17 -1 -1 24 -1 -1 18 10 0 -1 24 -1 8 23 -1 29 26 9 -1 1 1 0 -1 25 16 9 25 13 0 4 15 12 28 -1 -1 -1 
-1 -1 34 6 6 6 -1 13 28 -1 -1 33 -1 -1 -1 -1 -1 8 -1 -1 14 -1 -1 -1 20 -1 0 24 27 -1 -1 -1 20 -1 -1 28 27 -1 4 28 26 -1 -1 -1 -1 -1 19 0 20 13 12 -1 -1 -1 -1 8 -1 29 -1 -1 29 -1 1 18 29 24 -1 16 9 -1 -1 -1 8 -1 27 -1 -1 21 25 10 -1 -1 1 28 -1 -1 -1 -1 12 -1 -1 23 -1 0 8 18 6 3 23 19 
-1 8 30 -1 26 -1 28 -1 -1 -1 -1 13 -1 30 29 -1 15 9 -1 17 -1 4 -1 18 -1 0 18 1 26 12 -1 24 1 0 13 -1 -1 -1 2 -1 -1 0 -1 8 1 2 7 12 8 -1 -1 -1 22 16 -1 7 -1 -1 19 -1 32 27 29 6 6 1 11 13 -1 -1 28 15 10 34 31 -1 -1 -1 -1 23 -1 17 3 3 26 21 -1 -1 -1 -1 -1 7 -1 31 0 -1 -1 27 29 -1 
-1 -1 30 10 -1 -1 -1 26 33 6 -1 22 -1 13 8 2 -1 20 0 -1 30 27 3 -1 25 8 34 4 -1 18 24 18 -1 16 9 20 4 -1 -1 -1 18 -1 -1 -1 -1 -1 8 -1 19 34 26 28 4 -1 25 -1 -1 -1 -1 0 -1 -1 15 -1 12 3 17 17 -1 -1 -1 26 -1 -1 -1 5 -1 14 -1 -1 20 -1 -1 10 6 33 30 -1 -1 -1 1 -1 -1 -1 -1 0 18 24 6 1 
-1 -1 -1 8 -1 -1 29 -1 14 -1 21 -1 -1 -1 34 2 9 6 27 -1 -1 1 -1 -1 -1 18 -1 -1 21 14 -1 28 2 31 4 33 9 20 -1 -1 30 33 1 33 0 -1 32 30 11 -1 23 18 -1 -1 11 -1 23 7 34 21 28 29 -1 14 -1 -1 3 -1 -1 27 5 30 25 8 34 34 -1 16 17 27 -1 -1 25 -1 32 -1 -1 10 0 0 -1 15 -1 33 -1 16 0 -1 -1 26 
-1 23 4 -1 -1 -1 17 -1 25 6 11 11 -1 -1 -1 -1 -1 -1 -1 -1 31 28 24 -1 -1 -1 -1 -1 6 -1 29 6 -1 3 -1 30 -1 -1 29 -1 -1 2 2 30 1 -1 30 -1 -1 20 6 -1 -1 -1 15 -1 -1 -1 17 22 33 31 24 -1 -1 6 -1 -1 34 -1 -1 12 16 -1 -1 -1 -1 13 22 10 8 3 -1 2 17 -1 -1 11 -1 24 -1 -1 -1 -1 -1 -1 -1 0 -1 12 
-1 9 8 15 31 9 24 8 24 13 -1 27 33 -1 8 10 4 24 -1 -1 26 16 13 -1 21 20 4 17 32 13 33 33 12 -1 29 9 7 -1 0 -1 21 -1 -1 19 34 -1 28 -1 -1 -1 10 32 9 25 13 -1 -1 20 -1 30 -1 -1 6 20 10 17 21 23 -1 -1 -1 -1 -1 0 15 -1 -1 5 -1 -1 9 33 17 4 30 -1 15 33 7 16 -1 1 34 21 -1 -1 13 -1 0 26 
-1 -1 -1 -1 -1 -1 -1 -1 -1 -1 -1 -1 -1 -1 -1 -1 -1 -1 -1 -1 -1 -1 -1 -1 -1 -1 -1 -1 -1 -1 -1 -1 -1 -1 -1 -1 -1 -1 -1 -1 -1 -1 -1 -1 -1 -1 -1 -1 -1 -1 -1 -1 -1 -1 -1 -1 -1 -1 -1 -1 -1 -1 -1 -1 -1 -1 -1 -1 -1 -1 -1 -1 -1 -1 -1 -1 -1 -1 -1 -1 -1 -1 -1 -1 -1 -1 -1 -1 -1 -1 -1 -1 -1 -1 -1 -1 -1 -1 -1 0 
