150
0 3 -1 6 7 33 13 20 26 17 26 33 33 24 10 28 20 -1 17 15 32 0 16 5 13 32 4 -1 14 16 21 22 21 -1 26 27 17 30 -1 22 -1 28 27 6 5 -1 11 19 16 8 25 34 26 -1 18 6 6 -1 26 32 27 8 24 11 16 30 2 3 7 23 27 -1 14 22 8 24 4 16 18 28 22 24 24 26 1 20 17 9 32 26 -1 16 16 30 -1 19 -1 32 29 9 26 11 19 30 28 27 6 34 12 12 12 12 26 29 11 24 16 8 7 -1 3 9 34 -1 29 13 12 30 33 22 12 33 33 6 27 24 12 9 -1 16 -1 10 24 24 20 28 4 32 23 -1 
-1 0 7 -1 22 18 34 20 10 -1 -1 7 -1 -1 -1 -1 1 21 31 -1 -1 27 15 33 18 -1 0 -1 0 14 -1 21 27 26 30 1 -1 -1 6 -1 30 15 -1 -1 -1 -1 11 20 22 0 2 14 16 -1 10 14 -1 -1 30 8 -1 -1 30 0 -1 -1 27 30 21 11 -1 17 -1 15 6 -1 5 28 26 -1 7 -1 21 2 9 7 -1 8 -1 1 -1 -1 -1 10 28 11 33 -1 -1 1 -1 -1 26 5 -1 16 28 12 28 -1 -1 25 6 -1 1 -1 19 -1 27 34 28 19 23 4 25 7 18 22 -1 33 26 33 -1 -1 30 31 2 9 -1 11 5 -1 11 11 -1 -1 -1 -1 32 20 
-1 11 0 -1 -1 18 16 -1 2 9 34 -1 17 -1 -1 20 14 -1 10 9 2 0 -1 -1 21 1 -1 -1 22 19 16 19 -1 -1 16 25 26 -1 -1 17 -1 14 28 5 14 5 11 9 22 -1 -1 -1 3 -1 7 2 14 -1 13 5 -1 22 -1 -1 17 12 21 -1 -1 5 -1 -1 -1 32 29 21 0 1 32 29 22 7 -1 13 5 -1 32 34 27 -1 17 20 -1 30 -1 -1 21 19 -1 9 -1 -1 -1 10 26 -1 4 -1 10 29 4 -1 -1 2 17 24 -1 7 -1 11 -1 16 -1 21 31 15 8 20 29 3 13 -1 34 12 -1 33 -1 25 -1 -1 -1 31 32 -1 -1 6 -1 -1 4 20 
-1 28 -1 0 -1 28 17 -1 -1 3 22 -1 -1 5 -1 19 -1 29 -1 2 -1 8 30 17 30 18 7 23 -1 6 -1 -1 6 -1 -1 -1 -1 30 34 10 -1 14 0 -1 21 -1 -1 8 25 0 17 6 19 29 -1 1 20 8 -1 24 12 10 15 14 23 6 23 0 20 8 10 -1 -1 -1 -1 -1 32 28 13 17 -1 28 31 27 30 11 11 11 9 -1 34 -1 -1 26 -1 6 5 -1 -1 34 31 -1 24 17 31 23 -1 4 19 -1 -1 23 -1 -1 10 34 -1 33 25 34 6 6 30 -1 22 -1 13 14 14 -1 3 3 34 -1 14 24 3 -1 17 -1 -1 -1 31 2 10 19 -1 -1 -1 1 
-1 -1 -1 18 0 -1 21 -1 28 -1 30 31 32 -1 -1 15 18 23 14 11 -1 25 -1 7 23 29 -1 23 25 -1 -1 -1 -1 -1 33 21 26 -1 -1 33 -1 3 -1 14 -1 -1 33 22 5 -1 -1 2 23 18 -1 33 -1 -1 -1 -1 19 12 23 22 -1 15 -1 26 -1 -1 -1 18 -1 -1 10 -1 29 -1 31 -1 13 17 6 25 -1 34 -1 24 18 20 -1 24 32 30 -1 -1 2 18 16 -1 -1 -1 -1 2 -1 -1 15 -1 -1 -1 1 7 25 -1 10 23 -1 24 -1 -1 -1 29 4 -1 -1 15 20 3 -1 6 12 8 6 1 -1 -1 -1 10 -1 15 4 7 21 22 -1 8 3 15 2 -1 
-1 6 -1 6 31 0 32 21 -1 29 6 14 9 34 -1 13 -1 10 -1 1 -1 -1 12 -1 -1 8 0 -1 4 -1 28 -1 -1 8 24 -1 -1 -1 -1 12 -1 -1 -1 -1 -1 -1 7 34 -1 32 14 -1 22 11 23 31 18 26 -1 -1 7 -1 -1 -1 16 -1 5 -1 17 -1 -1 -1 28 10 15 33 -1 -1 19 -1 -1 23 -1 10 34 26 -1 -1 12 34 -1 -1 -1 16 -1 22 27 21 -1 16 -1 24 -1 3 3 -1 5 -1 -1 -1 0 -1 12 -1 -1 5 23 -1 20 10 -1 23 25 -1 25 29 2 30 7 18 -1 -1 26 -1 -1 18 -1 30 -1 21 22 10 7 -1 7 -1 31 -1 -1 20 
-1 7 -1 -1 14 5 0 30 -1 5 11 22 -1 -1 -1 -1 -1 28 26 -1 31 4 23 -1 -1 14 -1 5 -1 -1 19 19 24 -1 -1 28 20 -1 16 27 17 33 9 -1 30 -1 19 9 -1 -1 -1 -1 31 -1 31 -1 -1 7 2 -1 4 15 31 6 31 -1 0 -1 -1 -1 -1 -1 30 10 3 27 3 30 8 22 8 5 10 1 -1 -1 10 -1 0 17 -1 1 -1 27 11 11 15 9 -1 -1 -1 -1 -1 22 -1 14 12 -1 14 -1 -1 -1 21 -1 10 24 4 18 -1 34 29 18 11 22 -1 2 16 14 24 -1 1 33 2 27 30 34 -1 6 16 11 16 -1 -1 -1 13 19 13 -1 -1 15 
-1 33 -1 11 26 7 -1 0 20 12 -1 -1 14 -1 -1 -1 -1 -1 -1 31 25 -1 28 0 -1 9 -1 6 -1 8 21 26 -1 1 -1 2 -1 -1 10 20 -1 0 -1 -1 30 -1 1 -1 28 -1 7 -1 31 -1 -1 -1 27 9 21 -1 -1 -1 -1 -1 -1 8 33 -1 -1 -1 -1 10 -1 -1 -1 -1 -1 1 -1 15 26 14 20 12 30 32 28 23 -1 13 -1 26 -1 -1 -1 23 17 28 17 11 -1 6 1 25 33 27 -1 -1 23 7 -1 -1 31 24 31 30 3 31 13 -1 -1 -1 24 -1 -1 7 -1 31 17 32 23 -1 7 6 -1 14 -1 28 30 -1 24 -1 13 -1 26 27 -1 20 8 31 
-1 -1 21 -1 -1 4 -1 18 0 33 8 -1 17 -1 1 18 -1 -1 -1 -1 30 11 -1 -1 23 28 32 30 4 -1 9 0 29 2 26 -1 27 0 32 20 10 -1 18 10 -1 -1 -1 -1 20 26 18 -1 25 -1 2 14 -1 -1 -1 7 -1 0 34 27 -1 8 15 0 -1 18 8 22 29 11 27 32 -1 21 -1 -1 34 25 6 -1 10 -1 24 -1 -1 5 -1 14 -1 -1 -1 -1 19 -1 4 12 16 7 -1 -1 20 -1 5 31 23 16 -1 7 27 20 32 31 -1 -1 20 -1 -1 -1 28 2 24 -1 3 -1 16 -1 -1 -1 15 27 21 6 -1 24 -1 33 16 30 -1 27 1 -1 12 -1 -1 17 
-1 -1 -1 -1 -1 -1 -1 4 -1 0 -1 14 -1 -1 -1 19 -1 11 2 -1 -1 -1 2 27 -1 7 -1 32 -1 26 10 -1 -1 30 13 -1 24 0 25 -1 6 -1 16 -1 19 27 -1 19 6 -1 -1 -1 -1 29 29 -1 16 28 27 33 -1 17 -1 2 22 -1 11 -1 14 34 24 -1 -1 17 -1 24 -1 -1 -1 -1 -1 21 -1 -1 2 17 25 28 -1 0 23 -1 8 26 -1 -1 -1 -1 12 15 -1 7 1 -1 20 -1 17 -1 -1 15 15 25 -1 28 -1 8 7 32 -1 2 -1 1 -1 -1 31 -1 -1 24 -1 12 -1 19 34 27 -1 5 16 16 33 11 21 -1 -1 4 -1 -1 9 -1 -1 28 
-1 -1 30 9 25 -1 14 30 29 -1 0 23 -1 20 -1 -1 20 28 13 5 -1 -1 7 0 9 19 12 -1 -1 -1 -1 -1 -1 24 -1 3 34 10 25 5 -1 -1 5 -1 2 6 -1 8 33 33 0 29 -1 -1 8 -1 17 8 30 7 -1 14 -1 20 25 10 5 -1 12 -1 27 15 -1 26 27 6 -1 -1 -1 -1 26 -1 -1 -1 -1 -1 -1 -1 0 -1 -1 -1 25 -1 -1 -1 13 10 4 -1 -1 25 26 7 -1 -1 10 -1 -1 33 1 -1 1 15 18 16 -1 8 12 -1 15 8 -1 22 19 -1 -1 4 14 7 -1 -1 2 -1 -1 25 23 -1 -1 26 -1 -1 -1 13 20 24 0 5 30 13 
-1 6 21 25 -1 19 20 -1 25 14 13 0 -1 30 26 -1 1 -1 17 -1 15 -1 32 -1 12 34 19 5 15 34 33 -1 12 -1 24 -1 17 -1 17 4 32 29 4 7 -1 11 -1 -1 -1 -1 27 33 -1 1 10 2 -1 -1 -1 -1 7 -1 25 -1 5 0 9 31 4 -1 -1 -1 33 14 -1 16 18 12 -1 21 17 -1 11 28 2 -1 11 19 29 1 29 -1 27 -1 -1 -1 4 -1 23 29 34 -1 21 27 -1 21 30 -1 -1 -1 7 15 17 -1 5 21 16 34 -1 -1 -1 17 -1 -1 19 8 3 20 -1 -1 4 -1 19 26 -1 -1 13 1 17 0 3 -1 -1 22 5 31 -1 0 -1 3 
-1 -1 -1 -1 17 15 33 11 18 25 12 12 0 -1 -1 11 -1 -1 25 -1 -1 28 0 12 16 -1 26 -1 30 -1 17 8 3 1 11 -1 33 -1 -1 31 8 0 16 30 28 -1 -1 26 28 5 11 33 23 23 -1 -1 -1 -1 9 -1 -1 1 9 19 34 28 21 29 5 0 -1 -1 -1 -1 20 11 23 -1 -1 -1 -1 -1 -1 13 6 -1 -1 6 4 24 15 -1 -1 22 20 19 6 24 24 18 26 5 31 32 -1 -1 -1 29 18 22 12 31 4 18 6 29 11 -1 0 -1 -1 -1 -1 14 10 9 1 33 29 -1 14 -1 11 7 29 16 -1 -1 26 11 -1 12 -1 30 32 27 -1 34 2 21 
-1 9 30 -1 -1 6 -1 27 -1 -1 33 -1 22 0 -1 20 -1 -1 -1 -1 30 24 21 -1 21 14 7 29 9 -1 0 16 -1 6 8 33 19 -1 -1 28 31 32 1 11 2 2 34 31 30 19 11 -1 27 25 -1 23 6 28 15 22 -1 -1 -1 34 2 27 14 29 30 12 28 -1 17 27 7 24 0 14 31 -1 3 -1 28 29 -1 -1 -1 27 -1 22 9 -1 27 -1 12 1 29 -1 -1 -1 -1 13 19 27 25 31 23 32 31 -1 -1 -1 1 24 29 2 34 25 2 -1 21 17 -1 25 21 25 32 -1 25 -1 30 21 -1 -1 34 -1 1 24 17 34 23 -1 8 -1 -1 -1 1 -1 -1 28 
-1 32 4 -1 13 -1 -1 7 -1 -1 26 -1 -1 31 0 7 29 -1 17 30 -1 -1 12 -1 -1 15 32 28 -1 29 14 23 -1 34 -1 24 0 -1 -1 8 -1 24 18 7 -1 9 -1 -1 10 33 11 -1 17 -1 28 -1 19 18 -1 -1 0 9 14 19 34 -1 -1 -1 20 -1 12 3 25 10 8 16 14 15 15 31 32 20 -1 10 -1 30 11 -1 -1 31 34 24 -1 25 -1 27 32 -1 23 -1 33 -1 24 -1 33 32 5 8 10 -1 -1 13 9 -1 32 7 7 4 -1 -1 1 14 -1 -1 6 21 18 1 -1 6 20 7 -1 -1 13 20 7 -1 21 31 1 -1 -1 -1 22 2 11 27 14 22 
-1 -1 -1 17 21 15 -1 31 0 -1 23 -1 9 18 27 0 20 -1 9 20 14 -1 -1 11 -1 -1 23 -1 -1 11 4 -1 27 24 33 12 17 -1 7 21 -1 15 -1 29 -1 21 18 11 2 7 -1 -1 23 30 7 -1 -1 -1 14 -1 0 32 30 34 13 2 -1 -1 22 3 -1 33 24 18 -1 34 31 -1 -1 21 -1 -1 2 18 24 15 -1 -1 3 9 25 -1 4 -1 -1 -1 0 2 24 -1 -1 16 18 20 18 12 10 25 -1 21 7 -1 -1 -1 18 23 2 15 8 30 -1 18 -1 15 2 -1 14 29 19 -1 20 -1 21 16 3 -1 0 30 5 -1 29 28 11 0 22 13 7 28 -1 16 
-1 -1 3 -1 -1 -1 27 24 34 -1 -1 -1 2 19 -1 -1 0 -1 -1 -1 26 2 24 8 -1 19 -1 34 -1 1 2 29 -1 34 -1 26 17 -1 8 -1 -1 23 18 23 14 34 25 24 32 33 -1 -1 13 -1 1 4 27 -1 -1 32 -1 7 -1 13 12 -1 12 -1 28 -1 20 13 10 -1 -1 22 18 -1 8 -1 -1 -1 2 12 16 -1 -1 15 17 -1 18 13 32 -1 6 3 24 -1 -1 -1 34 0 10 6 -1 6 33 17 34 20 -1 -1 11 9 -1 26 24 -1 -1 20 8 0 24 -1 -1 -1 4 13 15 15 27 0 0 17 -1 28 13 15 19 -1 -1 0 16 4 -1 17 -1 0 -1 6 
-1 -1 -1 0 -1 18 17 20 -1 -1 0 29 -1 17 16 -1 23 0 24 -1 17 19 27 -1 -1 22 21 3 4 0 -1 -1 0 33 21 16 -1 -1 2 25 31 5 16 3 25 6 30 20 14 12 11 2 14 -1 21 -1 -1 14 -1 -1 -1 21 -1 12 -1 14 -1 28 -1 30 22 10 -1 34 13 18 23 -1 -1 29 -1 -1 -1 -1 12 31 5 -1 -1 17 17 25 -1 -1 30 16 10 23 23 34 -1 26 24 -1 -1 12 -1 34 13 -1 -1 33 30 16 25 32 11 32 -1 -1 -1 -1 33 0 -1 -1 34 20 -1 16 -1 32 -1 -1 -1 20 -1 -1 18 25 -1 13 6 6 24 30 -1 -1 -1 32 
-1 -1 -1 -1 -1 -1 -1 -1 -1 7 -1 -1 -1 0 24 31 27 13 0 26 7 31 18 34 0 25 -1 3 -1 19 -1 17 -1 20 22 -1 17 -1 -1 -1 0 24 -1 18 4 19 -1 -1 -1 33 4 23 1 7 -1 -1 -1 -1 32 15 10 -1 19 16 7 17 33 6 32 14 -1 -1 26 -1 30 15 24 4 22 19 -1 -1 -1 30 34 30 8 21 -1 34 -1 -1 5 29 -1 5 -1 -1 25 -1 -1 -1 7 -1 18 7 10 -1 -1 -1 -1 33 27 -1 22 11 -1 12 15 18 -1 4 14 34 3 -1 -1 24 11 -1 22 -1 18 23 22 -1 -1 31 11 19 -1 21 7 -1 -1 12 33 -1 -1 6 
-1 10 7 -1 16 30 1 -1 -1 -1 25 18 -1 7 -1 0 23 16 25 0 22 -1 -1 4 17 9 -1 16 20 -1 13 -1 -1 -1 19 -1 -1 14 15 12 20 2 15 32 33 -1 -1 6 -1 33 17 -1 -1 -1 4 -1 20 -1 32 5 -1 25 -1 -1 -1 22 9 -1 6 29 -1 7 29 -1 13 21 19 -1 -1 24 -1 -1 -1 -1 -1 -1 11 -1 8 -1 4 -1 14 9 -1 18 27 26 17 25 32 7 21 8 12 34 34 -1 18 34 -1 -1 34 1 -1 -1 5 -1 6 -1 28 7 13 22 -1 -1 30 -1 -1 16 8 -1 -1 13 -1 -1 -1 -1 -1 17 -1 -1 24 -1 2 -1 11 -1 23 1 
-1 34 -1 6 -1 2 27 10 -1 -1 32 -1 18 -1 10 13 32 33 17 14 0 -1 25 22 10 13 -1 -1 -1 15 -1 -1 3 1 -1 25 -1 -1 -1 17 -1 19 6 7 6 -1 32 -1 -1 28 31 15 -1 33 -1 9 -1 17 3 4 -1 28 -1 -1 28 7 3 -1 -1 24 16 -1 15 31 32 27 27 -1 32 26 22 17 34 24 30 19 0 -1 14 -1 -1 26 0 7 -1 -1 -1 -1 10 7 -1 30 11 24 19 -1 3 -1 -1 -1 30 -1 -1 -1 21 -1 -1 32 4 26 29 -1 13 3 -1 -1 15 26 -1 18 3 10 30 29 -1 33 -1 8 -1 18 8 10 14 -1 7 28 -1 -1 -1 2 
-1 7 -1 8 2 -1 11 12 8 18 8 9 -1 7 23 27 -1 33 0 19 32 0 -1 -1 18 17 12 8 -1 -1 24 29 -1 -1 27 30 0 8 -1 0 -1 -1 19 0 -1 21 3 12 1 20 6 -1 -1 -1 21 30 -1 26 15 10 7 23 17 -1 11 29 -1 10 -1 -1 -1 34 8 -1 -1 30 1 -1 7 6 -1 13 -1 3 30 -1 14 -1 -1 -1 -1 29 12 31 -1 -1 -1 -1 12 31 5 16 27 16 24 11 33 1 1 19 -1 19 0 -1 -1 7 5 7 1 -1 34 34 21 -1 27 -1 25 13 10 4 24 18 15 0 8 -1 33 3 -1 -1 -1 2 -1 -1 3 15 -1 -1 1 -1 
-1 -1 29 18 -1 -1 27 9 -1 22 -1 5 -1 -1 33 -1 19 4 -1 -1 29 5 0 14 -1 -1 5 -1 -1 15 -1 28 -1 21 4 2 0 -1 -1 -1 0 6 2 27 32 -1 22 -1 -1 31 -1 -1 -1 -1 31 15 34 17 -1 -1 6 30 1 22 6 13 4 12 25 26 34 11 6 2 -1 -1 -1 -1 13 15 1 -1 6 6 14 19 1 -1 -1 2 -1 -1 0 14 12 -1 12 -1 -1 28 -1 16 -1 3 1 -1 -1 -1 -1 -1 -1 -1 -1 13 22 -1 9 0 13 -1 -1 -1 1 6 0 -1 -1 15 23 15 6 25 14 5 -1 13 13 -1 34 -1 -1 33 24 -1 -1 -1 18 2 -1 3 
-1 28 -1 4 -1 9 3 33 14 -1 14 15 5 -1 6 2 5 -1 32 28 17 17 13 0 15 -1 -1 -1 7 11 14 -1 7 -1 2 31 -1 -1 31 -1 24 23 3 23 21 -1 -1 21 31 31 -1 2 17 12 -1 23 5 -1 25 21 7 -1 5 -1 14 -1 15 5 3 6 -1 14 -1 0 12 29 11 -1 12 -1 1 13 -1 11 2 29 14 8 20 9 -1 14 -1 6 -1 17 28 26 8 -1 7 -1 -1 32 6 4 -1 -1 33 -1 15 -1 -1 7 -1 10 -1 -1 0 27 -1 -1 30 20 -1 0 -1 13 34 25 -1 -1 -1 3 22 -1 -1 16 8 29 12 -1 33 9 -1 -1 17 32 31 30 
-1 -1 -1 -1 -1 34 14 12 15 8 -1 15 -1 13 -1 18 7 24 7 -1 -1 9 15 -1 0 23 32 29 13 -1 -1 4 -1 -1 -1 28 -1 0 32 6 25 12 26 -1 33 -1 -1 3 33 34 -1 -1 -1 -1 -1 -1 20 28 25 17 30 0 25 0 19 1 0 12 11 7 -1 -1 -1 8 -1 18 18 -1 6 20 2 16 -1 -1 20 0 2 13 24 24 16 32 -1 4 33 7 -1 34 -1 -1 8 -1 11 8 25 31 18 15 19 21 -1 16 6 -1 17 -1 29 1 23 20 21 -1 -1 33 -1 5 15 32 -1 7 -1 0 28 -1 20 -1 15 18 12 -1 8 1 2 -1 27 30 -1 -1 -1 0 
-1 10 8 -1 -1 10 22 22 5 20 22 30 4 17 -1 2 34 -1 -1 16 0 -1 3 -1 14 0 3 -1 20 5 14 6 32 -1 14 4 14 -1 12 17 -1 25 -1 32 21 -1 22 29 32 26 -1 11 -1 9 23 0 3 6 24 32 -1 -1 14 -1 -1 -1 19 6 22 17 11 -1 30 -1 28 -1 18 -1 32 11 25 -1 20 -1 -1 13 -1 -1 25 6 -1 1 -1 8 -1 19 0 32 20 25 -1 -1 -1 22 -1 3 2 -1 15 -1 0 -1 -1 27 -1 -1 17 7 30 11 -1 -1 33 -1 2 15 20 -1 -1 -1 7 -1 1 18 6 -1 -1 28 -1 25 12 -1 -1 20 -1 -1 -1 -1 24 23 
-1 -1 3 20 -1 31 -1 -1 11 32 14 2 28 -1 8 31 -1 6 -1 28 -1 18 -1 30 17 16 0 -1 -1 5 29 7 -1 31 4 -1 18 24 33 23 2 11 4 26 17 2 10 -1 32 18 30 5 -1 16 10 -1 -1 26 -1 9 33 19 -1 -1 23 10 26 -1 -1 -1 -1 -1 26 11 -1 -1 23 31 6 13 11 33 11 7 20 -1 18 -1 -1 17 -1 27 28 14 3 32 -1 -1 -1 -1 -1 -1 5 11 3 -1 8 13 -1 -1 -1 -1 -1 -1 -1 -1 -1 -1 19 -1 -1 -1 13 15 15 18 21 4 -1 1 13 7 32 -1 23 -1 26 -1 13 15 1 15 23 -1 -1 -1 16 -1 -1 14 
-1 26 -1 3 -1 26 15 -1 15 -1 -1 -1 16 -1 -1 12 -1 -1 6 13 -1 13 1 24 -1 9 15 0 8 17 6 30 7 -1 10 8 -1 14 20 29 25 -1 -1 -1 11 29 -1 7 -1 0 -1 25 32 18 23 -1 26 10 11 -1 -1 -1 9 15 -1 14 3 23 13 -1 31 13 22 13 21 -1 4 33 21 0 7 3 -1 32 1 -1 0 11 20 33 1 -1 5 33 31 6 2 34 -1 -1 13 -1 21 1 13 -1 -1 30 -1 18 -1 11 -1 -1 -1 -1 -1 8 19 -1 24 14 -1 19 -1 11 -1 -1 10 31 3 31 -1 33 25 23 6 24 19 -1 25 17 19 8 30 20 -1 5 -1 -1 
-1 -1 16 2 10 21 33 -1 25 -1 -1 -1 -1 30 13 -1 2 10 -1 0 5 -1 23 34 5 -1 24 28 0 23 -1 -1 1 21 -1 -1 23 26 -1 -1 25 24 -1 -1 34 -1 19 27 34 12 -1 3 3 -1 -1 30 17 -1 18 -1 6 22 20 25 32 -1 15 -1 31 2 27 28 -1 -1 20 -1 17 3 -1 22 -1 19 -1 -1 5 0 -1 33 -1 9 15 -1 11 23 -1 9 -1 -1 -1 -1 -1 5 0 31 9 13 32 32 -1 -1 -1 -1 -1 20 -1 -1 26 -1 -1 4 23 -1 -1 -1 17 -1 9 10 -1 -1 -1 21 -1 21 22 15 20 -1 3 0 29 23 28 -1 -1 -1 30 15 29 0 
-1 31 -1 -1 11 -1 -1 -1 14 -1 0 -1 -1 29 -1 33 -1 23 -1 15 -1 30 3 -1 21 20 10 15 -1 0 24 21 26 21 -1 -1 -1 -1 0 6 20 -1 -1 -1 -1 -1 -1 12 -1 -1 20 2 18 7 4 -1 6 20 -1 16 27 -1 13 -1 -1 -1 -1 27 16 -1 26 16 -1 -1 -1 12 10 4 19 33 -1 -1 -1 27 28 34 4 -1 -1 17 12 0 15 -1 14 20 10 12 -1 30 26 2 18 0 33 23 -1 19 -1 11 -1 27 29 14 31 -1 25 28 20 -1 -1 13 17 -1 -1 -1 26 24 27 -1 22 25 11 -1 -1 -1 -1 15 -1 -1 20 34 23 0 6 -1 -1 7 5 6 
-1 16 -1 -1 -1 -1 -1 1 24 -1 -1 -1 20 -1 19 34 -1 22 25 -1 -1 34 23 23 34 -1 -1 20 26 -1 0 -1 -1 21 -1 16 -1 28 -1 0 2 20 5 -1 33 2 -1 7 -1 -1 -1 19 -1 -1 11 14 -1 -1 -1 -1 34 -1 -1 -1 -1 -1 -1 27 -1 31 28 -1 -1 -1 14 32 31 16 13 0 19 23 29 -1 4 -1 -1 29 -1 26 -1 5 -1 -1 0 -1 13 -1 1 31 29 10 19 -1 0 32 22 1 5 28 -1 16 5 27 3 26 23 -1 26 -1 0 15 30 30 30 -1 -1 33 -1 8 14 -1 -1 26 0 24 4 -1 13 31 19 -1 29 -1 -1 8 -1 29 -1 27 
-1 31 31 -1 20 -1 -1 34 9 22 8 32 28 24 33 21 14 -1 -1 -1 -1 23 0 18 10 12 -1 14 -1 -1 -1 0 5 -1 24 17 -1 -1 -1 29 -1 8 -1 8 -1 13 20 -1 5 -1 22 31 -1 -1 27 19 20 5 -1 8 -1 -1 9 4 -1 15 26 20 -1 30 32 -1 -1 2 6 4 34 29 19 5 -1 2 -1 -1 19 -1 23 6 -1 26 -1 -1 15 -1 9 18 2 5 -1 19 21 8 -1 -1 -1 -1 11 -1 11 32 -1 27 -1 22 27 29 -1 -1 -1 33 -1 33 15 18 33 0 1 -1 2 23 -1 -1 10 22 -1 23 -1 3 -1 -1 -1 -1 -1 17 -1 21 29 19 -1 7 
-1 -1 -1 30 16 -1 -1 2 34 34 12 14 -1 32 19 0 8 -1 0 28 24 5 12 10 11 31 29 -1 -1 30 32 7 0 -1 -1 30 28 19 -1 -1 28 28 12 -1 22 34 5 8 -1 22 -1 6 -1 34 18 17 14 -1 32 31 9 7 16 12 32 -1 28 -1 23 24 -1 -1 20 -1 18 15 4 -1 23 15 -1 1 10 -1 -1 27 15 -1 -1 22 -1 31 4 33 -1 -1 -1 -1 17 -1 -1 12 23 21 0 15 -1 -1 6 -1 24 0 -1 -1 32 33 -1 7 30 32 -1 -1 33 -1 -1 0 2 20 33 7 -1 8 31 22 -1 -1 9 26 -1 -1 4 20 22 9 -1 -1 32 17 0 17 
-1 9 -1 2 -1 20 27 -1 6 21 20 8 -1 -1 8 -1 -1 -1 25 -1 7 -1 0 20 -1 29 25 13 18 11 -1 -1 7 0 20 -1 -1 24 -1 -1 -1 13 -1 27 5 27 -1 -1 -1 20 6 -1 11 19 6 -1 16 13 18 -1 -1 -1 -1 4 -1 1 -1 3 4 32 -1 9 -1 -1 15 24 -1 -1 9 7 30 -1 20 -1 15 19 2 29 12 -1 -1 18 21 -1 8 -1 6 31 11 6 3 6 -1 24 -1 -1 14 8 -1 12 -1 21 13 -1 -1 4 0 24 -1 -1 -1 16 29 -1 24 14 17 25 15 -1 -1 -1 -1 1 11 -1 -1 8 -1 -1 16 -1 -1 17 12 -1 23 12 32 -1 
-1 -1 1 -1 16 -1 29 -1 -1 32 -1 -1 26 -1 12 32 -1 -1 22 33 0 34 3 11 32 1 12 4 25 -1 -1 34 -1 -1 0 3 -1 31 -1 34 14 -1 14 9 15 26 12 27 -1 15 -1 -1 6 -1 -1 -1 0 -1 27 -1 30 34 17 17 -1 6 25 -1 34 -1 31 -1 -1 -1 20 7 31 18 28 33 -1 13 14 4 1 -1 28 16 -1 11 -1 14 -1 -1 10 31 -1 30 9 -1 17 -1 8 -1 27 30 8 -1 28 15 6 11 -1 34 -1 16 24 0 20 1 22 4 24 -1 -1 4 19 22 7 -1 24 -1 -1 -1 22 20 32 3 2 -1 -1 20 9 -1 -1 21 -1 14 24 -1 
-1 10 -1 27 13 18 -1 21 17 5 -1 3 18 28 -1 3 10 8 -1 9 21 -1 32 -1 -1 -1 -1 13 25 10 -1 2 -1 23 0 0 27 5 16 16 14 -1 -1 -1 -1 29 14 17 -1 26 31 11 22 -1 19 -1 -1 13 11 34 -1 16 5 2 -1 10 8 31 34 -1 10 21 20 2 -1 -1 19 -1 -1 -1 -1 -1 -1 8 12 -1 28 28 22 10 10 12 -1 24 -1 18 23 11 28 31 -1 -1 23 25 -1 -1 -1 17 -1 -1 11 13 31 12 17 24 31 -1 24 3 24 -1 -1 21 14 32 2 22 15 -1 -1 -1 4 10 -1 -1 -1 -1 13 -1 30 23 -1 34 20 -1 -1 14 26 0 
-1 8 3 4 10 -1 -1 -1 28 -1 -1 -1 3 28 29 8 -1 -1 0 8 29 0 8 -1 22 12 -1 4 4 -1 -1 -1 22 3 23 -1 0 -1 6 1 21 26 14 2 23 3 -1 -1 9 -1 6 27 -1 -1 34 8 -1 0 12 -1 -1 -1 -1 -1 34 23 24 11 -1 26 -1 11 -1 10 -1 -1 -1 18 15 23 -1 -1 20 14 -1 -1 23 13 8 33 4 1 -1 10 -1 -1 -1 -1 14 15 26 -1 4 14 -1 12 -1 1 -1 -1 -1 16 -1 -1 -1 3 25 24 -1 12 16 8 -1 6 17 -1 -1 30 -1 5 26 31 15 -1 16 -1 -1 8 6 -1 -1 8 31 -1 33 18 0 26 3 2 
-1 7 -1 28 29 -1 0 6 -1 2 29 21 -1 12 -1 2 -1 6 -1 15 -1 25 -1 -1 -1 31 29 15 11 -1 18 26 17 4 -1 34 -1 0 4 22 -1 32 -1 24 -1 3 -1 -1 10 1 -1 29 3 29 -1 2 13 10 6 -1 28 -1 -1 -1 -1 4 32 0 -1 12 5 13 23 -1 27 28 24 4 31 -1 -1 32 5 21 13 -1 6 -1 25 -1 27 21 -1 -1 31 2 -1 6 22 -1 0 26 -1 -1 -1 5 15 -1 -1 26 -1 14 -1 -1 -1 0 29 33 34 31 13 -1 13 -1 -1 -1 -1 -1 -1 -1 -1 9 18 13 21 -1 13 19 10 -1 -1 23 14 -1 12 -1 -1 23 16 3 
-1 34 18 34 -1 6 33 34 29 -1 -1 32 3 -1 14 6 7 30 -1 9 -1 -1 -1 27 19 -1 -1 22 -1 13 22 5 -1 0 -1 -1 -1 31 0 -1 24 10 34 28 9 6 29 -1 -1 -1 -1 18 28 24 -1 23 -1 -1 31 13 10 -1 10 -1 33 -1 -1 -1 2 -1 -1 -1 12 16 16 30 -1 -1 32 28 -1 -1 22 18 -1 11 29 21 31 34 8 13 32 1 -1 -1 -1 -1 34 -1 5 -1 -1 6 2 33 18 -1 -1 24 34 -1 20 -1 -1 -1 6 13 -1 -1 23 22 23 1 30 16 25 32 4 11 17 -1 -1 29 -1 -1 26 26 -1 27 -1 8 22 -1 -1 30 -1 -1 16 -1 
-1 13 34 29 -1 14 -1 13 6 -1 15 -1 2 -1 25 -1 34 6 4 15 27 6 -1 2 -1 34 1 -1 -1 23 -1 7 23 20 1 15 11 16 3 0 32 -1 0 15 -1 -1 33 -1 -1 12 -1 -1 -1 11 -1 9 -1 23 9 -1 7 28 -1 22 -1 -1 31 26 -1 -1 29 18 14 30 18 -1 3 28 -1 31 22 33 21 10 -1 7 16 31 11 23 -1 32 -1 30 16 -1 -1 21 -1 15 2 -1 -1 6 9 4 21 -1 20 15 11 -1 -1 9 6 -1 8 22 -1 -1 -1 4 -1 -1 -1 19 -1 23 -1 -1 9 23 17 11 -1 32 33 3 21 -1 15 -1 23 -1 28 4 -1 22 -1 6 
-1 -1 10 23 9 10 1 19 26 1 -1 -1 27 7 28 30 -1 24 10 14 20 6 1 28 31 -1 -1 1 -1 -1 23 -1 -1 -1 -1 9 -1 23 -1 4 0 -1 32 25 -1 30 15 27 -1 11 -1 11 -1 7 -1 32 34 -1 34 -1 0 9 30 -1 -1 -1 34 21 14 -1 17 15 1 24 -1 17 -1 27 -1 21 -1 -1 -1 9 -1 22 10 -1 22 -1 30 3 25 3 -1 28 -1 5 26 5 23 0 19 27 10 -1 8 -1 15 -1 -1 -1 26 -1 12 -1 14 9 33 -1 -1 18 10 -1 17 -1 33 -1 -1 -1 -1 33 -1 -1 2 -1 21 -1 -1 27 20 25 -1 16 -1 24 14 -1 29 6 
-1 20 26 15 -1 -1 29 5 -1 6 -1 -1 5 -1 -1 -1 -1 10 2 26 28 10 3 29 25 -1 -1 -1 -1 -1 -1 26 7 26 28 21 3 -1 -1 -1 5 0 0 16 28 25 25 8 -1 21 8 -1 7 -1 20 10 5 23 32 -1 5 15 21 -1 5 -1 24 1 -1 22 20 -1 8 33 -1 16 -1 5 1 -1 -1 25 28 -1 14 -1 -1 5 -1 29 29 9 -1 25 7 -1 -1 34 4 -1 -1 -1 -1 17 3 25 -1 25 -1 -1 13 7 -1 19 30 23 23 -1 -1 19 4 32 -1 20 20 10 18 -1 6 -1 23 -1 20 -1 6 -1 -1 8 1 -1 2 6 0 21 -1 4 -1 8 5 9 
-1 4 0 -1 -1 31 -1 -1 -1 21 18 19 21 11 17 -1 30 -1 -1 5 14 13 -1 13 13 13 -1 -1 -1 -1 -1 -1 15 -1 4 -1 -1 32 24 14 19 17 0 -1 27 18 -1 25 12 27 11 -1 14 -1 10 -1 16 33 15 8 18 12 6 0 -1 27 16 -1 12 -1 -1 32 33 11 30 31 27 21 6 12 -1 -1 -1 2 20 15 23 10 -1 30 8 30 30 -1 20 6 12 20 16 26 22 31 19 -1 -1 -1 -1 7 24 17 -1 8 30 -1 26 21 30 -1 -1 30 -1 15 -1 -1 -1 -1 -1 24 -1 7 25 24 22 -1 -1 -1 20 -1 5 7 -1 19 -1 22 18 18 -1 -1 6 17 
-1 -1 -1 -1 19 -1 12 10 34 34 11 17 -1 -1 -1 -1 -1 5 -1 24 4 27 -1 18 -1 11 25 4 -1 -1 7 22 -1 8 28 -1 1 -1 22 -1 27 11 -1 0 -1 -1 0 24 29 10 -1 -1 32 -1 -1 33 -1 -1 -1 17 -1 27 24 3 13 27 4 -1 27 -1 -1 -1 5 16 -1 22 -1 -1 8 33 16 -1 25 8 1 -1 1 -1 28 34 -1 0 31 -1 4 7 -1 -1 2 7 27 24 34 -1 14 29 21 22 19 -1 4 10 -1 -1 6 32 32 -1 29 29 3 24 -1 -1 7 30 30 -1 -1 15 11 -1 27 -1 5 34 19 -1 -1 28 -1 4 28 22 4 -1 -1 -1 11 20 
-1 -1 17 6 9 -1 -1 16 13 16 -1 6 -1 2 23 -1 24 25 -1 -1 17 -1 -1 -1 12 -1 7 -1 2 16 1 -1 -1 -1 25 -1 -1 -1 10 31 5 -1 -1 -1 0 -1 -1 3 2 3 -1 30 26 25 -1 17 17 -1 24 23 17 24 22 -1 18 22 -1 33 28 -1 4 -1 24 8 18 -1 -1 -1 21 -1 -1 2 34 -1 31 -1 -1 34 24 -1 -1 8 -1 2 -1 14 10 -1 28 -1 31 -1 -1 31 5 24 -1 -1 -1 27 3 4 17 -1 -1 8 15 -1 23 -1 1 26 6 -1 20 -1 4 19 18 17 4 9 -1 12 -1 -1 33 -1 3 32 34 25 27 -1 18 20 -1 9 12 10 
-1 12 6 23 -1 25 -1 -1 10 29 -1 22 21 4 14 -1 -1 18 -1 -1 25 -1 -1 23 27 0 18 -1 -1 34 16 4 -1 11 25 -1 31 -1 24 15 28 29 -1 -1 19 0 -1 27 26 23 -1 -1 -1 -1 30 1 -1 -1 -1 17 -1 2 12 12 -1 -1 -1 22 31 14 9 -1 -1 11 -1 17 -1 -1 -1 15 4 -1 5 -1 -1 17 5 -1 -1 18 -1 21 -1 -1 -1 8 34 -1 23 34 -1 5 12 -1 7 -1 34 22 -1 34 -1 7 8 -1 33 -1 6 15 9 -1 26 14 0 -1 -1 34 -1 8 -1 -1 26 -1 -1 -1 -1 -1 -1 8 19 6 -1 3 11 9 7 7 32 -1 32 6 
-1 24 -1 -1 -1 -1 -1 -1 24 12 -1 -1 32 22 -1 -1 -1 33 -1 2 -1 30 -1 20 -1 25 25 24 31 -1 4 9 -1 15 -1 -1 -1 17 -1 24 -1 4 20 0 27 9 0 -1 -1 -1 1 12 -1 25 16 -1 2 12 6 -1 14 -1 11 32 -1 17 -1 31 10 22 26 2 7 -1 1 -1 -1 27 29 -1 23 20 23 15 -1 -1 15 24 34 -1 24 34 -1 -1 29 -1 23 29 4 -1 26 29 17 17 -1 12 -1 20 17 -1 -1 -1 0 33 30 4 12 19 29 21 -1 24 -1 34 26 23 -1 -1 22 -1 14 -1 18 24 -1 -1 26 3 -1 -1 27 13 -1 -1 5 28 -1 26 -1 3 
-1 7 -1 -1 -1 11 -1 22 -1 19 -1 -1 12 -1 4 16 18 20 -1 26 -1 10 33 24 4 -1 -1 33 1 -1 -1 -1 2 34 5 -1 -1 -1 -1 -1 -1 -1 19 23 33 17 -1 0 21 -1 14 33 -1 -1 -1 -1 10 26 -1 5 29 26 -1 -1 28 -1 31 0 0 10 -1 28 16 -1 26 -1 9 22 -1 10 -1 2 -1 -1 -1 20 17 32 5 14 -1 -1 33 -1 -1 24 -1 18 21 23 24 -1 33 16 14 32 -1 29 32 -1 -1 12 -1 -1 25 -1 33 -1 -1 -1 21 -1 -1 -1 17 -1 0 -1 21 -1 17 28 -1 7 -1 7 -1 2 27 -1 5 4 12 -1 5 27 -1 15 -1 20 
-1 -1 7 -1 -1 14 8 14 -1 -1 -1 27 -1 28 -1 16 -1 18 23 -1 3 10 -1 -1 -1 21 10 18 18 7 0 32 2 -1 -1 -1 23 -1 20 26 -1 25 2 -1 -1 28 10 4 0 19 0 1 -1 -1 27 0 6 -1 12 -1 24 14 17 21 -1 17 24 -1 24 -1 -1 20 6 11 7 24 29 -1 15 17 13 28 4 -1 3 -1 32 27 -1 5 1 29 12 -1 22 17 17 19 18 -1 0 -1 15 -1 19 7 -1 1 -1 -1 -1 14 24 -1 -1 31 -1 31 -1 26 -1 11 19 -1 -1 9 -1 -1 -1 -1 12 -1 -1 22 28 -1 24 -1 31 -1 -1 -1 -1 13 14 -1 28 0 10 33 
-1 -1 -1 27 15 -1 24 -1 -1 -1 20 -1 -1 23 -1 21 -1 -1 -1 19 34 -1 5 25 -1 -1 -1 20 -1 -1 23 -1 30 -1 -1 -1 13 -1 -1 -1 -1 17 -1 3 -1 11 19 4 -1 0 12 34 22 30 16 -1 23 -1 -1 -1 -1 -1 -1 -1 20 -1 32 -1 -1 -1 11 -1 -1 21 -1 12 29 24 -1 14 -1 33 14 33 25 -1 -1 -1 15 -1 -1 -1 -1 9 17 34 6 -1 -1 27 -1 -1 -1 -1 -1 32 -1 0 33 10 21 10 -1 -1 -1 -1 21 -1 15 -1 -1 9 -1 -1 -1 -1 34 -1 32 12 8 29 32 -1 34 -1 -1 17 -1 16 7 0 13 8 -1 4 -1 -1 25 15 
-1 24 1 15 -1 -1 17 -1 2 -1 25 -1 2 32 -1 28 -1 -1 10 -1 -1 7 -1 -1 -1 -1 -1 24 33 -1 -1 33 9 -1 31 19 0 28 -1 7 33 -1 -1 -1 -1 -1 31 5 17 -1 0 31 -1 19 22 -1 6 -1 -1 34 -1 25 28 8 15 -1 2 -1 24 -1 18 -1 33 0 -1 8 33 4 23 25 -1 2 -1 -1 -1 10 29 20 13 15 -1 11 31 32 -1 -1 -1 5 34 26 1 -1 -1 -1 2 4 15 -1 27 2 -1 -1 34 15 29 5 33 -1 -1 3 15 -1 -1 -1 -1 31 20 15 18 17 -1 12 5 9 -1 21 -1 19 -1 12 -1 23 -1 -1 -1 18 29 -1 -1 9 
-1 -1 -1 21 6 -1 26 5 34 9 -1 -1 -1 -1 -1 -1 4 21 -1 21 30 32 2 19 24 2 -1 -1 -1 6 -1 21 9 13 33 27 -1 6 -1 -1 31 13 31 2 22 -1 5 0 6 -1 26 0 -1 -1 10 22 32 23 13 12 -1 33 -1 9 -1 11 23 -1 32 -1 24 2 8 16 -1 2 -1 -1 34 16 2 -1 -1 -1 8 -1 -1 16 -1 7 30 -1 -1 3 0 -1 8 -1 11 9 -1 -1 22 23 -1 10 6 24 -1 15 -1 20 -1 34 20 31 24 -1 16 -1 -1 14 -1 -1 -1 -1 -1 21 22 15 19 1 -1 25 9 -1 -1 -1 17 -1 11 19 -1 -1 -1 -1 5 5 -1 -1 
-1 -1 30 7 -1 -1 -1 13 -1 26 14 3 -1 -1 -1 33 9 22 -1 19 23 32 -1 18 20 23 -1 10 16 33 30 24 17 16 1 23 0 30 23 -1 -1 18 11 20 -1 -1 -1 20 -1 -1 11 -1 0 -1 -1 -1 26 21 3 12 12 12 -1 32 16 8 15 7 -1 -1 -1 30 30 24 -1 -1 5 -1 -1 26 -1 14 25 -1 16 10 4 25 28 27 2 -1 19 -1 -1 12 21 -1 -1 33 27 5 19 -1 2 6 -1 21 -1 6 -1 19 9 20 15 10 -1 -1 -1 26 -1 -1 -1 32 -1 21 -1 3 7 26 4 20 -1 -1 7 -1 11 5 20 -1 22 -1 -1 6 -1 9 0 -1 -1 28 
-1 4 16 -1 9 2 -1 0 27 2 10 29 -1 19 9 31 -1 11 -1 -1 14 -1 22 16 -1 34 -1 31 -1 12 31 -1 15 26 -1 -1 7 9 23 -1 27 31 16 -1 -1 18 11 32 8 9 -1 24 -1 0 30 24 22 27 14 12 26 3 23 33 10 -1 -1 25 -1 8 -1 7 -1 -1 25 3 18 4 28 12 -1 22 17 -1 27 15 -1 5 28 34 30 -1 25 20 31 -1 29 -1 7 -1 -1 26 -1 17 -1 28 17 -1 8 -1 -1 -1 9 -1 -1 -1 9 24 17 1 3 -1 -1 12 15 3 -1 29 17 15 -1 10 -1 24 -1 -1 -1 6 -1 33 -1 -1 6 -1 -1 21 30 33 33 -1 
-1 0 -1 20 -1 20 17 34 -1 18 -1 16 16 -1 33 -1 9 11 16 -1 32 7 4 -1 -1 1 23 28 -1 24 -1 -1 -1 17 13 29 11 34 22 -1 6 -1 -1 1 6 -1 22 9 -1 -1 -1 2 -1 -1 0 -1 17 14 -1 -1 9 27 15 22 -1 18 -1 -1 7 29 -1 4 -1 -1 -1 12 -1 34 -1 3 -1 12 -1 11 7 1 25 -1 14 -1 2 13 3 24 2 15 7 -1 26 -1 -1 5 -1 19 -1 19 16 2 -1 -1 -1 14 -1 -1 -1 19 -1 9 -1 -1 29 26 15 12 5 28 6 4 20 28 -1 5 -1 13 -1 -1 31 -1 -1 14 3 9 -1 33 -1 -1 12 -1 -1 13 
-1 -1 -1 -1 1 27 19 -1 9 10 -1 -1 -1 -1 18 -1 -1 -1 -1 1 -1 21 11 13 26 -1 -1 13 -1 -1 18 3 29 -1 -1 0 -1 29 13 24 -1 -1 -1 -1 27 -1 21 -1 7 -1 -1 -1 8 -1 3 0 -1 14 29 7 -1 22 3 23 -1 31 27 0 9 -1 -1 -1 4 29 -1 19 -1 28 25 -1 -1 9 -1 16 1 -1 22 19 1 -1 29 -1 -1 12 15 18 12 16 29 16 4 12 -1 -1 23 -1 8 34 -1 -1 -1 0 -1 26 -1 -1 29 34 -1 12 -1 17 5 -1 -1 9 18 -1 -1 18 -1 2 -1 18 29 14 11 28 9 -1 13 32 25 26 24 16 28 -1 -1 20 
-1 14 -1 -1 -1 9 24 -1 -1 21 -1 27 25 4 -1 16 17 10 2 4 -1 19 -1 -1 2 2 17 18 -1 15 -1 33 16 -1 12 24 7 11 -1 13 15 -1 13 17 -1 -1 -1 11 34 34 -1 -1 5 -1 -1 4 0 15 21 13 9 18 27 -1 6 18 23 29 -1 31 11 -1 1 28 19 -1 -1 -1 16 32 -1 27 29 -1 -1 -1 20 3 -1 -1 3 0 26 -1 23 -1 26 13 -1 26 15 -1 22 -1 -1 8 -1 -1 -1 18 -1 8 -1 -1 -1 7 11 10 -1 6 -1 4 -1 22 20 -1 18 2 13 0 20 20 -1 13 16 -1 25 15 28 4 7 -1 -1 -1 33 9 13 14 0 19 
-1 0 -1 31 -1 -1 13 0 31 -1 -1 -1 32 6 -1 -1 8 34 -1 22 -1 23 32 30 9 -1 8 34 31 12 -1 -1 -1 27 -1 -1 30 34 -1 30 21 25 24 5 -1 17 -1 -1 12 16 -1 21 10 -1 17 -1 -1 0 0 4 12 -1 29 -1 -1 -1 -1 16 25 1 6 25 29 -1 -1 -1 -1 -1 -1 -1 -1 -1 11 -1 4 21 -1 28 -1 -1 3 13 1 -1 25 15 -1 6 -1 8 -1 -1 -1 -1 7 -1 -1 27 0 28 18 6 -1 -1 31 26 -1 -1 3 9 16 8 11 -1 19 22 -1 33 4 26 -1 13 30 27 1 14 -1 -1 -1 5 2 -1 28 -1 34 3 17 3 24 25 
-1 -1 20 22 -1 26 12 16 -1 13 -1 15 1 26 12 7 4 20 31 -1 -1 -1 18 20 19 5 14 27 25 -1 -1 6 1 12 10 19 16 7 -1 -1 24 -1 25 -1 30 -1 13 11 -1 -1 15 7 -1 -1 -1 -1 14 6 0 -1 -1 -1 -1 1 6 -1 6 31 -1 9 -1 21 -1 -1 8 13 -1 29 14 -1 19 25 29 14 -1 4 -1 8 24 4 3 4 -1 -1 -1 -1 21 -1 -1 1 28 26 -1 16 2 31 -1 -1 30 -1 19 -1 -1 7 1 -1 -1 -1 22 34 -1 0 6 -1 -1 -1 21 -1 27 21 -1 32 -1 20 2 -1 18 -1 4 -1 -1 10 1 8 29 -1 -1 13 -1 20 
-1 -1 -1 29 8 6 -1 -1 7 15 -1 14 20 27 9 -1 -1 -1 -1 -1 9 -1 -1 25 31 14 -1 -1 4 -1 -1 -1 27 -1 15 -1 2 17 21 1 -1 29 2 -1 10 -1 27 -1 0 33 2 -1 -1 16 -1 32 14 -1 6 0 11 -1 -1 15 32 6 1 -1 22 0 -1 29 -1 6 0 -1 -1 -1 30 4 11 8 30 20 19 -1 11 -1 12 -1 10 11 -1 24 21 23 12 9 30 4 -1 -1 6 25 -1 -1 32 -1 33 -1 24 18 -1 -1 24 -1 -1 -1 7 -1 -1 18 0 -1 -1 -1 15 6 10 -1 32 -1 34 29 32 28 27 21 -1 1 -1 -1 7 13 -1 -1 -1 11 3 4 
-1 2 5 20 27 -1 30 -1 27 29 -1 21 16 -1 -1 23 -1 -1 -1 -1 18 -1 5 -1 -1 33 -1 20 10 14 -1 11 -1 26 18 -1 14 20 32 14 32 34 -1 -1 29 -1 -1 12 0 20 6 -1 -1 9 -1 6 13 -1 -1 18 0 5 18 9 17 -1 24 12 -1 -1 -1 -1 12 10 -1 13 29 -1 15 -1 -1 -1 10 -1 -1 -1 -1 -1 3 -1 -1 6 18 -1 30 9 25 -1 17 8 -1 5 -1 27 -1 -1 3 32 9 -1 17 23 -1 33 -1 25 9 -1 17 -1 28 9 23 -1 8 34 22 18 -1 -1 13 27 20 23 -1 -1 -1 -1 19 8 -1 0 -1 -1 30 -1 -1 -1 3 25 
-1 9 16 6 14 -1 -1 27 -1 19 -1 29 -1 -1 0 -1 26 8 12 32 -1 23 31 -1 -1 8 -1 27 6 27 -1 12 -1 -1 -1 -1 28 18 -1 33 -1 2 -1 -1 3 -1 -1 -1 33 18 11 -1 17 2 -1 -1 6 1 -1 15 -1 0 -1 -1 32 14 -1 -1 -1 -1 12 -1 9 5 -1 -1 0 -1 27 -1 -1 21 26 31 -1 1 3 -1 -1 -1 -1 -1 9 30 11 26 -1 -1 4 32 2 -1 -1 22 -1 -1 -1 6 -1 6 -1 14 3 19 18 4 23 8 23 -1 31 -1 -1 31 -1 -1 33 -1 8 11 25 -1 -1 14 1 11 -1 29 24 27 10 -1 25 10 -1 -1 31 0 17 27 
-1 -1 14 25 -1 -1 24 30 -1 9 21 -1 29 26 27 15 -1 -1 16 -1 34 -1 14 23 -1 -1 11 -1 -1 32 21 -1 23 28 -1 -1 1 22 0 27 -1 29 16 32 1 28 0 -1 -1 10 5 -1 -1 24 20 -1 14 0 -1 -1 -1 10 0 -1 9 -1 33 21 -1 9 4 20 -1 -1 17 -1 -1 10 -1 6 -1 -1 -1 -1 32 -1 10 -1 -1 -1 17 -1 22 6 11 -1 -1 19 12 28 9 -1 13 -1 9 21 -1 -1 14 27 20 29 28 -1 25 9 -1 -1 14 2 18 19 -1 1 18 -1 32 15 -1 -1 -1 5 30 22 -1 23 20 -1 21 -1 0 -1 -1 23 6 2 17 22 6 16 
-1 -1 -1 9 31 -1 24 -1 16 -1 -1 29 -1 17 18 15 -1 -1 -1 26 13 -1 4 -1 18 -1 30 33 20 -1 7 32 29 7 -1 -1 -1 -1 11 -1 -1 -1 -1 2 -1 6 18 9 1 14 30 -1 -1 24 34 -1 3 -1 20 18 -1 -1 11 0 0 30 -1 -1 4 14 9 -1 5 12 -1 15 18 29 16 16 27 -1 24 31 18 -1 16 -1 11 -1 -1 -1 -1 -1 16 31 2 1 1 25 13 6 5 18 15 20 -1 -1 13 17 -1 -1 13 18 -1 -1 0 3 19 -1 -1 32 13 17 24 26 6 0 32 28 -1 -1 -1 -1 -1 24 -1 8 9 9 -1 1 22 -1 -1 -1 18 -1 13 6 
-1 20 7 9 4 31 14 20 23 -1 29 0 30 4 29 27 -1 -1 8 12 8 1 34 14 -1 -1 32 30 -1 21 9 -1 7 -1 -1 9 18 -1 -1 -1 13 29 -1 -1 2 34 -1 -1 -1 18 3 -1 30 14 -1 -1 -1 24 -1 21 29 31 3 -1 0 27 26 0 13 22 -1 1 30 10 -1 25 3 22 29 22 -1 -1 9 10 18 12 9 3 9 -1 -1 1 -1 -1 -1 -1 -1 31 -1 28 29 -1 18 17 -1 -1 -1 -1 30 13 32 33 -1 11 32 30 -1 -1 22 -1 -1 -1 -1 30 -1 14 34 -1 20 10 10 5 0 2 23 13 6 32 -1 29 -1 17 25 -1 30 -1 8 22 -1 -1 
-1 2 32 -1 24 14 14 34 4 10 5 -1 10 -1 -1 26 33 14 20 31 19 19 -1 13 -1 27 31 15 -1 -1 27 -1 -1 -1 13 7 28 15 32 34 33 -1 17 -1 -1 2 9 -1 30 0 30 7 33 14 18 33 15 22 19 -1 14 26 -1 6 22 0 1 -1 12 12 13 10 14 -1 26 -1 3 -1 30 8 28 10 -1 -1 -1 -1 6 -1 29 16 -1 -1 -1 27 28 17 3 14 12 -1 27 -1 -1 -1 0 17 -1 -1 -1 -1 -1 -1 0 13 14 33 25 19 21 34 34 5 -1 10 34 14 11 -1 7 19 11 34 -1 -1 -1 20 28 -1 -1 29 10 9 1 -1 -1 4 1 32 -1 10 
-1 -1 31 -1 -1 8 32 -1 0 32 -1 28 27 -1 10 34 26 -1 -1 16 -1 -1 -1 8 5 28 2 -1 33 -1 26 2 -1 14 30 -1 -1 -1 -1 -1 -1 10 1 10 30 15 0 29 -1 -1 7 -1 28 9 20 20 20 2 1 7 -1 -1 13 8 15 -1 0 29 -1 6 -1 -1 -1 12 -1 -1 -1 18 -1 5 -1 31 -1 23 4 -1 -1 -1 -1 26 14 -1 1 -1 15 -1 16 8 12 25 1 2 3 -1 -1 18 29 23 29 -1 -1 5 -1 -1 23 24 34 26 25 -1 -1 10 5 -1 25 13 30 22 24 15 -1 6 -1 -1 -1 -1 22 13 23 -1 -1 16 -1 -1 8 -1 18 22 -1 31 
-1 -1 15 -1 -1 27 4 16 19 4 18 13 6 -1 -1 -1 23 32 -1 -1 -1 34 28 20 -1 -1 -1 -1 34 27 24 4 -1 -1 29 33 3 26 -1 32 29 -1 30 -1 -1 3 -1 23 29 30 13 15 21 27 29 1 22 31 -1 32 23 0 24 -1 -1 6 28 0 -1 23 -1 -1 -1 -1 -1 -1 -1 21 -1 -1 -1 16 15 17 -1 26 -1 -1 9 6 25 -1 20 -1 -1 7 -1 -1 -1 4 2 -1 -1 -1 -1 -1 14 9 31 0 12 13 -1 -1 20 -1 19 -1 -1 -1 16 24 9 7 -1 -1 31 -1 16 -1 1 -1 5 12 -1 23 -1 -1 -1 -1 34 32 18 14 -1 16 -1 -1 -1 2 
-1 -1 10 -1 33 26 31 5 8 2 21 21 -1 -1 3 -1 -1 1 13 10 10 -1 -1 -1 7 30 23 -1 30 11 25 -1 -1 34 -1 12 30 23 1 29 19 13 -1 -1 4 30 13 22 18 -1 15 -1 21 -1 8 0 14 1 7 0 -1 -1 33 28 18 23 2 12 0 22 -1 1 -1 -1 -1 31 -1 10 -1 2 -1 6 -1 -1 -1 -1 -1 0 -1 -1 -1 19 -1 -1 -1 18 3 33 -1 34 28 -1 6 -1 -1 -1 17 22 32 20 -1 32 12 -1 20 23 28 -1 9 21 -1 20 26 32 13 1 5 -1 -1 11 25 22 24 33 6 -1 -1 -1 -1 -1 23 23 13 27 -1 -1 12 16 1 3 
-1 -1 9 -1 5 -1 -1 6 -1 28 27 -1 31 7 -1 21 33 28 5 2 0 26 23 23 34 0 1 -1 5 20 25 -1 12 18 -1 -1 10 12 -1 22 5 7 -1 -1 27 3 -1 8 4 2 12 21 14 33 34 -1 -1 -1 27 33 27 -1 0 13 20 17 12 -1 4 0 15 -1 -1 26 27 -1 20 23 22 -1 -1 33 14 6 -1 23 25 -1 -1 -1 24 22 15 1 22 -1 -1 8 3 7 17 30 4 22 17 -1 7 12 -1 28 -1 -1 -1 4 -1 -1 12 2 -1 23 25 13 -1 32 -1 26 -1 -1 -1 -1 2 7 7 0 23 -1 14 -1 25 -1 -1 -1 24 23 -1 17 19 12 2 8 
-1 23 10 31 27 34 -1 -1 -1 24 16 -1 29 34 -1 16 33 25 -1 10 -1 20 32 23 -1 -1 4 11 -1 -1 -1 20 31 27 -1 2 11 -1 33 13 -1 28 -1 12 32 1 -1 -1 24 -1 1 19 -1 33 33 11 -1 18 29 -1 -1 -1 31 -1 7 -1 28 -1 -1 11 0 -1 34 23 31 -1 7 24 3 -1 22 -1 27 29 -1 -1 19 9 -1 -1 -1 -1 15 5 -1 27 9 28 14 -1 -1 -1 8 15 26 26 14 2 23 17 33 9 -1 -1 -1 -1 12 22 29 -1 -1 20 -1 9 3 -1 24 6 -1 10 21 -1 8 26 -1 32 12 6 12 0 1 28 25 3 9 -1 13 31 6 25 
-1 -1 -1 -1 -1 20 31 24 33 6 9 -1 -1 15 30 -1 -1 6 0 4 -1 -1 19 -1 3 -1 -1 16 -1 1 -1 27 0 26 25 -1 -1 31 5 -1 17 -1 24 -1 2 -1 -1 -1 20 -1 33 -1 -1 -1 12 -1 13 4 2 -1 -1 2 -1 -1 25 -1 -1 4 29 15 -1 0 -1 -1 -1 -1 28 21 -1 27 19 -1 -1 14 16 -1 25 9 -1 -1 26 -1 -1 32 8 -1 27 6 20 32 28 25 -1 -1 27 6 -1 5 -1 -1 28 -1 10 -1 -1 5 32 5 -1 26 23 19 24 34 -1 27 -1 -1 27 -1 -1 -1 -1 -1 -1 -1 7 -1 -1 22 13 9 -1 11 -1 -1 -1 -1 1 0 
-1 30 -1 16 -1 33 -1 -1 32 28 -1 1 15 -1 2 8 25 -1 15 -1 17 28 -1 5 23 21 9 -1 11 21 -1 18 -1 23 21 1 26 3 -1 -1 0 33 -1 7 -1 20 33 -1 -1 -1 9 -1 14 -1 -1 -1 33 -1 7 25 9 30 11 -1 13 -1 -1 -1 5 33 7 11 0 -1 -1 -1 2 9 -1 -1 22 5 -1 -1 22 -1 23 15 24 -1 -1 10 6 31 16 -1 24 6 -1 24 -1 16 22 -1 16 9 -1 -1 6 -1 -1 24 30 -1 6 28 15 16 7 3 -1 6 -1 10 22 -1 -1 4 -1 -1 12 17 0 8 34 27 12 14 -1 9 -1 18 16 3 12 8 32 27 16 1 
-1 -1 -1 4 6 -1 29 -1 9 1 2 1 -1 -1 5 27 -1 -1 4 0 -1 34 12 -1 30 6 5 32 22 -1 -1 -1 32 -1 8 29 -1 -1 -1 29 16 3 14 24 -1 -1 -1 -1 -1 16 -1 -1 -1 4 -1 -1 31 13 11 0 3 -1 -1 6 27 -1 -1 -1 -1 13 0 0 -1 0 25 31 10 20 -1 6 -1 -1 14 -1 13 -1 3 10 -1 -1 -1 30 20 19 9 8 14 -1 24 -1 2 -1 14 -1 -1 4 5 17 1 29 22 27 9 -1 -1 -1 10 10 -1 31 -1 29 0 34 -1 24 25 -1 16 28 -1 33 16 19 -1 -1 15 1 29 11 -1 -1 -1 -1 0 -1 3 -1 -1 2 
-1 22 8 25 -1 22 -1 -1 30 -1 -1 3 27 -1 13 26 20 30 -1 -1 31 -1 -1 31 10 8 -1 4 7 -1 25 -1 34 -1 24 -1 -1 -1 0 -1 9 -1 -1 -1 15 17 19 -1 33 -1 -1 19 3 15 31 15 7 15 32 20 13 -1 -1 24 12 28 20 -1 0 4 -1 -1 -1 19 0 12 -1 9 34 20 23 2 14 12 18 -1 -1 -1 2 10 -1 20 12 -1 33 32 24 30 -1 31 -1 -1 5 18 -1 12 -1 8 17 29 31 -1 -1 34 -1 7 24 1 14 32 6 -1 -1 -1 33 -1 -1 8 20 32 -1 -1 12 15 8 30 -1 -1 27 3 17 33 -1 -1 18 32 -1 25 1 29 
-1 22 -1 -1 32 16 -1 4 12 30 -1 1 21 -1 -1 -1 5 5 9 3 16 -1 21 -1 33 -1 -1 -1 -1 20 -1 4 16 17 -1 -1 -1 -1 31 -1 4 -1 12 8 27 8 -1 -1 16 -1 -1 33 25 -1 5 -1 1 30 24 23 26 29 16 18 -1 -1 -1 11 -1 -1 32 26 24 5 10 0 -1 5 14 -1 5 -1 30 32 -1 -1 -1 10 20 7 -1 -1 12 -1 5 28 -1 -1 -1 16 21 10 -1 -1 -1 -1 8 -1 -1 19 -1 6 33 -1 -1 16 32 -1 9 1 28 32 30 34 -1 6 15 -1 4 26 11 16 0 10 4 29 -1 16 16 18 0 -1 -1 -1 4 -1 16 -1 14 22 
-1 28 -1 0 -1 -1 27 20 25 28 21 33 32 9 5 -1 18 3 -1 23 27 10 -1 -1 6 -1 0 18 12 32 -1 29 34 10 12 26 32 17 4 17 26 -1 2 32 -1 -1 -1 -1 10 18 30 -1 -1 21 4 14 -1 29 -1 5 4 13 21 15 26 -1 4 -1 8 0 30 -1 6 10 13 8 0 15 3 17 12 27 -1 5 24 -1 3 17 -1 -1 23 -1 6 14 1 8 31 -1 10 -1 15 26 12 29 -1 1 -1 -1 -1 11 1 10 9 33 -1 -1 27 33 26 2 -1 8 19 0 10 26 -1 -1 -1 -1 -1 34 29 28 30 17 -1 -1 -1 26 -1 15 18 -1 8 -1 -1 -1 1 22 
-1 -1 15 2 -1 3 21 -1 9 9 -1 8 -1 -1 18 2 13 31 -1 -1 19 -1 -1 4 -1 32 22 -1 12 16 16 19 6 13 -1 28 1 22 -1 27 -1 5 22 12 -1 14 -1 -1 -1 8 -1 -1 28 -1 -1 34 32 -1 9 6 13 17 5 -1 12 -1 34 11 -1 17 -1 24 16 22 11 21 -1 0 10 34 -1 -1 9 -1 5 -1 5 -1 16 13 -1 21 -1 25 -1 0 3 23 -1 12 -1 30 7 -1 -1 20 -1 -1 0 -1 17 10 -1 -1 -1 3 -1 -1 -1 -1 -1 29 3 -1 -1 33 -1 -1 1 10 -1 28 34 28 15 21 -1 -1 9 -1 19 14 -1 10 -1 16 11 -1 -1 24 
-1 -1 9 16 21 -1 -1 12 9 -1 27 31 11 18 -1 -1 -1 6 33 -1 12 -1 23 34 -1 13 26 -1 -1 18 13 27 -1 20 15 5 -1 -1 28 -1 3 2 0 30 -1 -1 1 -1 32 -1 18 24 9 27 -1 19 -1 -1 7 -1 8 -1 7 16 8 10 9 -1 -1 19 28 -1 -1 -1 6 6 -1 23 0 6 27 10 -1 -1 10 33 21 33 8 22 24 9 31 -1 -1 24 28 34 20 28 25 -1 26 30 9 11 33 -1 24 -1 -1 27 -1 18 -1 -1 5 13 11 -1 11 25 28 -1 26 25 29 -1 -1 -1 19 -1 -1 19 -1 21 17 32 -1 -1 27 29 7 -1 6 11 21 0 19 22 
-1 26 28 -1 -1 34 14 18 16 7 27 -1 -1 -1 2 -1 4 -1 -1 23 -1 20 19 -1 19 14 12 -1 32 23 -1 8 -1 3 -1 -1 32 15 32 -1 -1 -1 18 28 -1 10 -1 13 -1 -1 18 28 -1 -1 26 2 26 29 27 -1 4 1 -1 27 -1 3 4 31 0 0 -1 22 6 11 -1 -1 6 -1 12 0 -1 -1 26 -1 14 5 -1 -1 -1 7 23 24 -1 2 -1 -1 23 23 12 13 32 27 -1 17 8 14 -1 -1 2 8 17 -1 13 -1 -1 9 -1 19 -1 -1 1 21 -1 -1 -1 18 5 -1 31 14 14 -1 34 27 -1 24 3 -1 7 32 11 -1 12 33 10 18 5 32 -1 3 
-1 16 -1 9 27 -1 -1 -1 32 18 -1 -1 -1 -1 6 11 26 15 -1 22 21 32 17 -1 -1 8 13 -1 28 -1 27 -1 33 22 -1 12 9 -1 -1 14 -1 8 26 14 -1 -1 14 4 13 -1 -1 22 -1 26 13 9 -1 24 -1 24 7 10 -1 -1 -1 12 9 24 -1 -1 13 -1 29 15 -1 24 -1 1 4 13 0 19 13 9 11 11 19 16 -1 -1 -1 11 8 -1 -1 6 34 -1 -1 -1 -1 -1 9 -1 -1 -1 33 31 12 20 -1 -1 29 28 25 -1 7 -1 -1 -1 20 -1 -1 -1 24 26 -1 6 -1 9 31 1 -1 -1 -1 -1 7 23 22 -1 -1 8 20 29 18 -1 30 -1 6 15 
-1 28 12 31 13 19 31 8 7 0 1 34 -1 -1 18 17 -1 31 15 1 22 32 -1 12 5 14 -1 24 -1 23 -1 21 31 9 -1 -1 -1 20 -1 21 29 31 32 32 33 22 -1 -1 9 -1 -1 8 33 21 26 32 19 -1 -1 23 -1 -1 -1 21 16 11 -1 23 7 -1 -1 -1 -1 -1 4 22 26 -1 -1 6 18 0 32 -1 -1 6 22 16 17 9 24 30 -1 -1 -1 1 -1 -1 -1 -1 11 -1 -1 34 -1 26 9 32 31 13 -1 19 32 0 23 -1 13 9 -1 22 -1 -1 17 11 -1 5 15 -1 -1 8 1 -1 1 -1 0 32 -1 7 8 -1 24 23 3 -1 -1 -1 -1 -1 -1 27 
-1 -1 5 0 21 13 32 29 -1 26 10 -1 -1 25 17 -1 29 10 12 -1 -1 19 -1 -1 -1 -1 8 -1 -1 22 -1 17 0 -1 -1 -1 -1 17 3 31 -1 -1 4 -1 15 2 6 14 3 -1 -1 -1 -1 17 11 9 25 -1 15 -1 -1 -1 27 -1 16 21 30 -1 -1 2 29 32 33 1 27 -1 -1 2 9 6 -1 -1 0 -1 7 15 9 32 -1 -1 10 27 -1 18 -1 27 5 -1 5 9 -1 16 32 6 -1 15 32 -1 -1 20 22 9 19 5 -1 18 31 -1 17 15 -1 -1 -1 4 24 29 -1 8 25 28 22 0 11 21 -1 14 29 -1 -1 5 8 -1 11 -1 16 -1 25 -1 17 33 
-1 24 23 17 28 -1 6 18 3 -1 -1 15 -1 -1 15 -1 15 32 33 -1 -1 14 -1 -1 -1 26 27 -1 -1 12 32 -1 1 24 -1 -1 20 12 22 20 29 1 25 28 -1 -1 19 31 29 14 28 -1 -1 29 10 5 -1 21 2 20 25 5 -1 34 -1 -1 17 -1 0 4 13 -1 8 -1 -1 6 16 18 -1 28 14 3 25 0 25 -1 -1 3 6 16 -1 17 -1 17 7 19 14 30 12 -1 -1 19 -1 -1 8 9 -1 33 21 -1 10 19 -1 16 -1 31 -1 -1 -1 28 13 -1 -1 -1 -1 34 -1 19 -1 -1 4 21 -1 0 23 -1 -1 -1 10 -1 21 -1 -1 14 18 -1 -1 2 30 33 
-1 34 21 28 -1 22 -1 -1 8 28 -1 18 31 -1 -1 19 -1 -1 11 2 -1 1 -1 -1 -1 3 13 24 -1 15 27 21 -1 6 -1 18 -1 14 -1 33 -1 -1 -1 -1 -1 28 15 31 -1 21 13 -1 -1 -1 34 25 0 24 -1 -1 4 -1 15 -1 -1 -1 2 -1 26 -1 32 10 31 -1 16 -1 12 14 21 18 6 33 17 25 0 24 26 -1 16 -1 -1 21 6 -1 23 27 9 1 16 -1 22 1 10 -1 -1 13 28 2 -1 -1 -1 4 9 30 8 16 12 -1 27 -1 -1 17 -1 -1 23 -1 -1 21 -1 2 -1 9 31 -1 -1 25 6 -1 -1 11 -1 -1 20 33 16 33 4 22 19 25 
-1 29 8 11 -1 0 6 24 34 24 31 25 31 7 11 -1 9 -1 -1 -1 -1 -1 33 -1 -1 6 -1 -1 1 29 28 24 -1 -1 4 -1 -1 2 20 21 -1 -1 10 23 -1 -1 -1 -1 -1 15 4 -1 -1 -1 -1 17 28 4 30 26 -1 27 26 25 16 -1 22 -1 11 18 30 23 17 28 7 -1 -1 3 17 -1 -1 28 -1 -1 -1 0 -1 1 -1 28 -1 12 -1 -1 32 33 32 7 -1 11 -1 27 20 -1 32 -1 -1 18 8 28 7 33 31 22 -1 27 -1 7 -1 34 24 -1 34 9 18 -1 -1 3 -1 -1 -1 14 -1 -1 22 26 -1 26 -1 6 -1 -1 23 33 -1 -1 6 -1 11 2 
-1 4 -1 -1 22 5 34 -1 -1 -1 -1 12 30 -1 -1 30 -1 12 -1 -1 16 -1 32 7 10 -1 -1 -1 11 11 8 -1 33 28 26 32 8 -1 0 11 -1 -1 28 -1 8 6 -1 2 -1 -1 16 -1 28 -1 5 9 32 10 -1 25 31 -1 14 21 15 -1 2 21 21 5 25 10 -1 -1 -1 10 -1 5 9 10 1 18 -1 -1 24 -1 0 -1 11 -1 11 9 -1 27 -1 8 22 13 -1 7 25 2 29 -1 19 -1 -1 -1 25 -1 23 -1 28 -1 -1 -1 4 33 30 -1 -1 23 32 12 3 -1 -1 -1 -1 -1 -1 33 34 22 28 18 0 29 -1 -1 3 -1 -1 16 -1 22 24 22 5 1 
-1 1 33 11 -1 -1 9 33 1 33 32 -1 -1 26 -1 -1 -1 21 -1 12 25 -1 -1 32 23 30 15 22 22 33 11 20 -1 -1 29 17 -1 11 21 -1 29 -1 -1 -1 -1 8 -1 17 -1 -1 28 33 -1 26 -1 -1 -1 27 12 4 -1 9 24 32 32 -1 -1 -1 -1 5 -1 11 20 -1 25 -1 -1 1 -1 -1 -1 28 1 31 -1 20 -1 0 2 -1 29 1 6 21 11 6 -1 17 17 -1 -1 -1 -1 3 -1 0 33 1 2 28 7 -1 21 -1 13 22 -1 -1 27 -1 -1 28 8 19 -1 23 -1 33 -1 -1 26 32 -1 -1 31 -1 29 -1 -1 -1 27 28 -1 -1 16 22 -1 5 -1 28 
-1 -1 24 -1 0 -1 -1 7 -1 29 -1 5 28 -1 -1 9 31 6 19 -1 -1 -1 10 -1 11 15 15 16 26 10 20 12 -1 23 -1 15 15 17 13 31 15 6 -1 1 -1 -1 25 28 28 -1 -1 31 14 -1 5 -1 -1 -1 16 -1 -1 -1 15 -1 -1 29 -1 29 -1 -1 -1 34 10 -1 -1 -1 -1 31 -1 25 -1 -1 -1 32 15 -1 -1 2 0 11 -1 34 23 30 33 28 15 -1 7 -1 -1 9 -1 16 -1 32 14 -1 3 16 -1 34 -1 22 4 18 -1 19 -1 -1 -1 -1 13 14 -1 20 -1 10 17 6 17 -1 17 -1 -1 11 25 15 17 -1 -1 5 9 27 -1 30 -1 24 32 5 
-1 23 -1 15 -1 4 -1 -1 -1 0 11 30 22 2 1 22 10 24 -1 6 -1 27 17 -1 -1 27 5 17 9 9 3 29 0 -1 -1 -1 28 30 -1 -1 -1 11 -1 31 25 9 11 33 -1 17 -1 10 29 18 27 -1 -1 -1 4 29 19 25 30 0 -1 22 8 20 13 22 -1 -1 31 30 -1 21 -1 12 23 9 30 2 28 7 -1 3 9 7 -1 0 -1 20 -1 -1 -1 -1 30 26 -1 -1 22 34 -1 29 3 11 -1 -1 30 5 -1 25 28 26 -1 26 3 16 15 -1 -1 -1 29 29 -1 10 1 20 10 6 16 -1 -1 22 -1 -1 23 -1 -1 9 17 20 -1 -1 13 1 5 23 24 32 
-1 30 -1 -1 9 -1 31 29 12 13 23 24 27 -1 5 30 -1 -1 -1 31 32 26 15 1 28 -1 9 -1 24 30 -1 33 -1 -1 -1 3 8 -1 0 25 -1 -1 19 32 3 11 6 2 7 -1 13 -1 -1 18 18 5 27 15 -1 -1 14 30 -1 -1 -1 1 -1 9 -1 7 10 -1 9 -1 22 2 -1 -1 24 -1 28 2 27 32 4 18 8 19 -1 2 0 16 -1 21 32 24 3 5 -1 7 -1 20 -1 -1 18 33 -1 -1 7 17 5 2 -1 -1 10 -1 8 -1 2 -1 16 20 10 27 3 29 -1 -1 1 17 6 24 11 -1 6 -1 -1 21 8 34 6 -1 -1 -1 -1 5 24 9 18 4 
-1 18 4 -1 -1 -1 5 15 17 -1 9 23 20 -1 -1 33 13 15 21 22 34 -1 -1 -1 27 7 -1 7 21 7 14 -1 -1 16 14 31 -1 -1 -1 -1 4 -1 34 -1 30 -1 -1 4 -1 19 21 -1 24 19 -1 6 -1 24 5 5 -1 10 26 15 -1 20 13 -1 22 28 28 28 8 32 13 15 -1 -1 12 22 22 32 23 -1 12 -1 1 27 26 -1 31 0 -1 -1 -1 -1 3 -1 21 12 -1 21 -1 -1 -1 -1 28 -1 -1 -1 -1 7 26 12 24 -1 16 -1 20 -1 14 -1 7 -1 24 12 13 31 -1 23 -1 -1 -1 6 -1 28 -1 -1 23 26 34 18 -1 -1 -1 22 -1 -1 27 0 
-1 -1 17 -1 2 -1 6 6 -1 -1 -1 7 -1 27 30 27 29 11 3 -1 25 27 4 33 -1 11 -1 5 -1 -1 14 7 -1 -1 6 24 6 1 33 23 -1 34 34 3 -1 10 -1 -1 13 22 9 -1 -1 25 -1 -1 -1 -1 -1 28 -1 26 -1 6 11 -1 -1 3 7 26 15 2 26 -1 26 19 -1 -1 -1 -1 -1 13 -1 1 -1 -1 20 18 -1 -1 30 4 0 25 33 3 -1 29 25 18 26 -1 -1 11 18 -1 -1 -1 18 20 9 -1 25 20 4 -1 20 26 23 31 5 11 -1 32 -1 20 12 -1 -1 -1 15 22 -1 6 -1 9 -1 -1 31 28 -1 -1 -1 7 20 11 29 1 17 27 
-1 26 11 11 -1 13 13 -1 -1 18 2 8 15 32 8 21 20 19 28 8 2 1 9 -1 13 -1 14 20 -1 1 3 16 -1 0 22 -1 18 34 -1 -1 0 19 -1 27 20 32 20 30 30 8 30 11 5 16 16 12 -1 -1 -1 19 -1 -1 4 -1 15 -1 1 32 -1 14 28 -1 -1 -1 -1 6 25 -1 5 34 -1 -1 11 -1 5 -1 2 -1 -1 -1 13 33 -1 0 12 9 26 21 -1 2 4 4 -1 -1 19 34 -1 14 -1 -1 16 -1 -1 29 15 33 21 7 -1 33 -1 28 22 9 20 -1 9 5 22 6 18 22 8 16 -1 31 6 1 -1 34 -1 4 26 20 18 2 17 28 -1 19 
-1 17 26 3 -1 -1 31 16 11 -1 -1 20 10 13 1 -1 0 24 28 -1 33 9 -1 23 -1 -1 0 -1 28 -1 -1 -1 1 -1 14 -1 23 4 30 22 -1 12 -1 6 -1 9 19 -1 25 15 -1 1 29 -1 18 -1 31 -1 2 8 5 -1 9 18 28 16 30 17 26 4 8 20 14 -1 21 16 30 15 -1 22 22 0 14 -1 -1 -1 31 2 -1 -1 4 5 -1 -1 0 -1 34 15 8 8 21 20 15 -1 3 32 32 11 0 11 31 6 30 21 2 -1 23 17 5 -1 -1 -1 26 34 -1 31 27 -1 -1 -1 -1 0 14 -1 26 21 17 3 25 6 19 -1 6 3 28 24 27 3 10 32 
-1 -1 18 10 22 34 -1 32 8 -1 13 -1 0 15 34 -1 -1 34 5 -1 -1 -1 -1 2 24 -1 -1 -1 -1 14 -1 -1 -1 2 11 10 -1 -1 -1 -1 -1 -1 14 3 4 32 4 26 14 2 11 -1 -1 29 15 -1 20 -1 2 -1 9 17 -1 -1 27 5 29 -1 -1 -1 7 -1 -1 21 -1 -1 14 5 21 -1 16 -1 -1 -1 -1 23 9 -1 -1 -1 19 10 2 -1 -1 0 -1 32 16 25 -1 30 8 8 32 15 24 28 7 -1 -1 -1 11 -1 20 19 -1 8 18 -1 -1 32 -1 12 -1 -1 13 -1 -1 22 14 -1 -1 -1 25 -1 -1 -1 7 25 13 31 -1 -1 -1 -1 9 -1 26 29 
-1 10 27 10 -1 19 -1 -1 6 -1 -1 -1 11 22 -1 23 -1 13 -1 16 1 -1 13 -1 -1 29 -1 -1 19 -1 18 -1 -1 28 23 -1 -1 27 33 -1 -1 26 -1 19 -1 -1 29 -1 -1 34 2 33 -1 30 7 8 3 5 12 1 -1 18 3 11 11 1 11 0 15 10 12 12 -1 -1 -1 -1 24 -1 1 26 13 23 17 18 21 -1 19 15 9 -1 7 -1 -1 5 -1 -1 0 10 0 -1 21 -1 28 -1 1 22 4 -1 31 2 -1 34 -1 15 6 22 5 20 -1 -1 14 20 -1 15 -1 25 4 -1 30 20 27 11 10 31 -1 -1 -1 -1 25 -1 14 29 11 -1 12 -1 0 -1 11 15 
-1 -1 25 -1 -1 2 -1 11 -1 -1 28 31 -1 -1 23 9 18 4 13 1 0 -1 -1 16 -1 -1 -1 23 -1 13 -1 5 29 0 -1 20 -1 16 25 3 8 -1 32 15 22 -1 -1 29 11 -1 26 -1 -1 11 -1 -1 -1 30 26 34 12 8 -1 28 34 5 34 -1 34 -1 9 6 26 33 13 8 -1 13 27 17 0 32 22 33 32 25 9 21 28 -1 5 5 -1 -1 14 7 5 0 34 6 14 12 -1 9 2 9 -1 5 -1 -1 23 7 1 -1 5 -1 4 1 3 -1 -1 21 -1 -1 33 -1 27 -1 5 31 11 13 -1 23 -1 25 -1 30 -1 -1 27 12 -1 4 -1 26 25 17 -1 25 
-1 4 14 21 -1 3 25 -1 31 16 -1 31 2 3 -1 -1 9 28 -1 34 -1 11 34 17 -1 25 26 31 17 32 16 32 4 30 30 -1 27 -1 -1 24 -1 -1 -1 2 2 -1 -1 6 3 21 -1 -1 26 12 -1 -1 11 5 0 -1 34 23 25 -1 13 -1 -1 32 19 -1 31 31 16 10 -1 5 3 -1 11 30 -1 8 -1 2 -1 27 2 32 -1 -1 23 -1 26 18 16 34 31 8 0 33 31 -1 14 4 8 14 -1 -1 0 -1 -1 23 24 -1 20 29 -1 29 34 34 9 -1 10 -1 6 -1 21 7 -1 -1 -1 15 1 -1 20 -1 12 -1 18 20 -1 0 29 -1 -1 -1 10 -1 30 11 
-1 -1 17 7 -1 21 28 17 9 -1 29 29 -1 1 5 -1 31 9 -1 12 24 -1 -1 0 29 -1 -1 33 20 6 -1 -1 24 -1 12 8 33 -1 -1 -1 34 -1 -1 -1 32 -1 -1 -1 -1 14 28 17 1 32 1 -1 18 -1 -1 17 34 8 -1 -1 14 22 26 31 32 13 27 -1 26 31 11 -1 -1 5 22 7 -1 -1 -1 -1 -1 10 -1 -1 21 14 24 22 -1 5 22 23 20 -1 13 0 13 4 16 28 5 13 34 -1 32 19 -1 -1 -1 0 -1 33 16 -1 -1 -1 26 21 -1 -1 18 12 -1 -1 30 -1 -1 31 12 -1 -1 22 19 -1 -1 -1 32 0 -1 15 26 -1 32 20 31 34 
-1 -1 26 -1 -1 -1 -1 -1 9 15 10 13 -1 -1 16 -1 30 -1 -1 28 -1 21 20 -1 9 -1 -1 -1 3 -1 21 21 32 10 -1 -1 16 -1 34 15 7 -1 16 2 15 17 5 -1 -1 7 32 -1 -1 17 -1 -1 20 -1 16 3 -1 18 8 6 31 -1 14 6 -1 1 17 13 -1 -1 -1 33 -1 1 -1 -1 -1 -1 6 17 -1 -1 6 -1 23 6 -1 -1 -1 19 21 -1 26 9 -1 25 0 -1 3 15 21 3 26 5 -1 4 2 -1 -1 13 30 5 -1 -1 -1 -1 -1 -1 -1 30 32 8 7 1 14 4 32 14 -1 -1 -1 17 -1 -1 18 -1 11 30 12 20 -1 12 14 -1 33 24 
-1 30 15 -1 10 -1 8 -1 25 -1 -1 -1 -1 -1 -1 7 18 26 11 -1 -1 23 7 8 -1 33 -1 26 2 -1 -1 2 14 -1 17 2 26 13 -1 15 14 -1 34 33 33 21 33 -1 20 20 34 -1 15 11 10 2 10 -1 7 -1 33 27 -1 16 -1 17 -1 5 -1 -1 17 4 -1 15 22 0 -1 24 -1 -1 34 -1 16 23 5 -1 5 -1 33 -1 1 -1 -1 26 27 -1 -1 -1 -1 -1 24 0 -1 2 23 1 8 -1 28 24 34 33 -1 34 20 19 0 -1 16 -1 15 27 12 13 2 -1 22 15 -1 31 13 19 33 31 -1 13 27 -1 7 -1 -1 -1 -1 32 25 0 7 -1 -1 29 
-1 -1 -1 13 -1 9 20 31 8 8 6 24 10 16 6 5 4 -1 26 -1 9 16 -1 -1 -1 33 -1 7 -1 -1 8 -1 30 -1 8 -1 27 -1 1 -1 -1 13 30 -1 -1 -1 -1 -1 -1 24 -1 33 11 31 -1 -1 15 16 0 -1 4 32 -1 -1 32 2 21 -1 -1 7 -1 -1 -1 11 19 14 26 -1 25 12 -1 -1 28 -1 -1 -1 23 -1 25 -1 11 1 3 -1 28 -1 -1 20 25 -1 -1 13 0 19 -1 20 19 33 -1 -1 32 28 9 13 -1 30 7 13 -1 2 -1 27 31 13 30 -1 -1 21 25 10 27 -1 34 17 18 15 -1 -1 8 3 -1 -1 -1 10 29 -1 31 25 9 10 
-1 10 -1 -1 -1 32 11 16 -1 0 -1 33 12 20 21 -1 -1 4 29 -1 -1 -1 12 34 -1 -1 29 8 23 -1 28 1 23 -1 22 6 -1 11 -1 -1 -1 13 9 22 21 34 33 -1 31 -1 4 -1 -1 27 -1 -1 25 -1 -1 13 34 12 -1 8 -1 11 -1 17 -1 8 8 9 -1 2 27 -1 26 -1 -1 24 0 24 -1 26 23 31 5 30 -1 21 -1 23 0 12 -1 6 16 -1 13 9 31 15 27 0 -1 29 -1 11 -1 17 27 0 25 20 -1 -1 -1 23 4 1 8 -1 16 1 -1 11 9 17 -1 -1 -1 19 22 -1 19 -1 -1 26 -1 18 -1 18 10 -1 2 -1 -1 21 9 4 
-1 -1 19 6 23 -1 7 15 22 3 23 25 3 -1 3 -1 31 26 -1 12 -1 0 30 -1 24 -1 -1 -1 -1 1 26 25 -1 -1 -1 24 -1 -1 26 20 10 -1 1 20 -1 -1 -1 11 24 -1 -1 -1 -1 -1 -1 4 -1 -1 16 26 -1 -1 5 -1 34 -1 7 -1 -1 -1 17 23 18 10 16 -1 -1 19 -1 9 -1 -1 13 -1 27 9 33 -1 34 9 -1 28 -1 -1 4 -1 20 22 22 10 -1 -1 -1 -1 0 -1 10 14 -1 14 7 20 26 -1 3 20 17 -1 1 -1 -1 13 26 19 -1 -1 3 13 -1 -1 -1 -1 -1 26 1 -1 -1 9 -1 30 13 23 31 -1 6 10 34 0 23 -1 
-1 -1 -1 -1 -1 11 26 12 -1 -1 32 -1 25 23 1 17 -1 -1 16 -1 -1 -1 23 7 -1 2 12 -1 -1 -1 15 -1 25 28 10 -1 -1 -1 18 31 -1 6 9 12 14 29 -1 -1 -1 -1 13 3 33 10 5 -1 -1 20 4 -1 16 -1 32 13 -1 28 22 -1 1 2 27 -1 32 6 -1 16 14 -1 -1 17 16 8 3 -1 31 -1 6 -1 -1 14 -1 29 33 24 31 25 -1 20 32 -1 -1 -1 -1 10 4 0 21 2 31 12 32 18 2 20 31 -1 -1 -1 -1 -1 -1 11 30 26 17 4 25 4 -1 17 14 23 -1 -1 30 28 12 -1 21 8 24 -1 -1 -1 25 -1 27 15 11 7 
-1 -1 7 -1 18 -1 13 19 31 -1 1 32 -1 2 -1 -1 11 18 34 5 15 0 -1 -1 -1 11 -1 29 -1 26 -1 9 -1 -1 28 14 5 1 -1 29 0 -1 21 4 16 -1 24 -1 19 -1 9 -1 0 25 21 17 33 16 14 -1 30 -1 11 -1 14 10 -1 1 -1 -1 1 34 -1 -1 -1 16 -1 -1 14 23 28 -1 29 7 -1 -1 30 2 20 21 -1 -1 26 31 -1 0 -1 3 33 -1 -1 7 -1 19 0 11 0 16 -1 5 -1 -1 -1 27 -1 -1 -1 3 -1 -1 -1 -1 12 16 19 22 15 9 22 11 12 9 12 24 16 1 -1 -1 21 30 -1 8 31 -1 -1 32 8 -1 29 22 
-1 -1 -1 -1 6 -1 30 25 6 -1 -1 -1 20 15 -1 21 -1 30 -1 29 20 24 -1 34 15 24 -1 22 2 -1 -1 24 -1 -1 18 6 3 31 32 23 11 -1 -1 -1 0 3 7 20 -1 14 -1 19 -1 -1 8 2 -1 17 6 5 -1 -1 -1 29 23 -1 9 -1 -1 1 33 -1 -1 8 28 33 -1 29 -1 -1 33 -1 34 -1 -1 19 20 24 -1 0 6 5 -1 22 -1 -1 6 20 32 8 -1 34 11 -1 8 32 -1 0 15 -1 -1 -1 24 -1 -1 -1 22 13 -1 -1 -1 29 3 13 1 -1 33 29 -1 22 8 19 -1 -1 4 -1 7 20 29 -1 -1 15 8 23 -1 21 -1 26 -1 5 
-1 11 4 -1 12 -1 -1 -1 23 30 -1 -1 17 -1 -1 -1 -1 -1 10 7 -1 -1 33 -1 1 -1 1 -1 25 3 27 26 31 -1 33 31 -1 -1 -1 20 -1 24 30 30 -1 3 12 -1 34 0 5 -1 32 -1 13 5 12 13 17 10 31 25 -1 3 32 5 1 -1 -1 -1 -1 5 8 9 17 -1 0 30 -1 23 1 29 34 7 21 2 33 18 24 3 -1 20 25 2 18 16 -1 16 -1 3 -1 -1 8 -1 -1 -1 21 -1 0 -1 13 -1 14 3 -1 -1 17 30 -1 1 15 -1 -1 -1 30 33 -1 -1 -1 -1 23 15 -1 -1 7 -1 13 -1 25 -1 24 16 -1 20 -1 -1 -1 31 8 17 
-1 5 -1 -1 -1 30 8 21 27 -1 12 27 -1 -1 0 27 6 16 -1 23 -1 -1 25 -1 -1 8 -1 32 -1 -1 -1 -1 -1 12 -1 25 13 -1 24 5 5 -1 -1 17 -1 18 -1 -1 3 -1 20 3 13 -1 -1 6 14 5 -1 13 7 8 11 5 27 -1 14 23 -1 -1 16 -1 -1 0 -1 12 -1 -1 -1 -1 -1 34 15 6 -1 -1 -1 3 -1 26 -1 -1 -1 5 8 25 30 12 4 -1 14 7 13 -1 -1 -1 7 -1 -1 0 24 27 23 13 31 -1 28 12 8 -1 -1 11 3 -1 7 -1 -1 -1 20 2 5 -1 32 -1 9 13 32 17 12 2 6 2 -1 6 -1 -1 -1 16 6 29 
-1 31 -1 33 7 8 25 -1 8 21 23 12 -1 -1 -1 33 -1 -1 -1 16 29 -1 14 -1 1 9 31 -1 14 12 33 32 -1 18 17 7 2 28 -1 -1 20 -1 -1 -1 12 32 5 22 10 8 28 -1 -1 -1 -1 -1 -1 27 15 -1 3 17 5 28 -1 -1 22 -1 34 29 -1 -1 -1 -1 -1 7 11 31 10 27 22 -1 34 -1 -1 21 -1 -1 28 34 -1 -1 -1 -1 -1 -1 9 2 -1 -1 13 27 19 32 7 29 -1 7 -1 -1 0 3 -1 9 -1 -1 32 4 18 1 -1 27 24 12 -1 32 -1 24 34 18 17 15 -1 17 -1 23 6 27 5 -1 15 33 22 19 -1 26 -1 17 -1 16 
-1 -1 1 -1 31 2 -1 2 -1 17 33 11 -1 15 22 33 -1 32 7 30 -1 22 29 10 1 8 10 4 2 -1 12 15 34 2 8 1 1 -1 13 12 25 10 30 20 -1 -1 -1 -1 -1 12 4 -1 -1 30 23 -1 -1 -1 33 -1 34 -1 -1 -1 25 32 -1 -1 26 -1 11 -1 12 25 28 11 16 26 1 -1 -1 34 -1 24 -1 5 -1 10 -1 33 -1 3 14 -1 -1 21 -1 -1 -1 23 10 8 31 -1 -1 17 13 13 15 22 -1 0 -1 -1 -1 12 15 34 -1 -1 -1 -1 1 -1 22 -1 3 15 19 14 19 0 0 -1 -1 17 -1 -1 23 23 16 12 -1 -1 22 23 -1 7 -1 8 
-1 32 27 20 19 -1 -1 -1 3 -1 -1 15 6 10 11 3 -1 10 -1 -1 21 6 -1 -1 15 -1 -1 -1 19 10 26 30 23 -1 -1 2 23 -1 -1 34 -1 26 3 -1 0 34 21 24 19 25 27 23 2 29 19 9 -1 26 -1 -1 16 -1 33 -1 28 -1 25 31 -1 16 -1 -1 -1 21 -1 13 18 19 -1 -1 9 -1 3 -1 19 1 -1 16 -1 27 25 25 26 -1 -1 28 31 14 -1 -1 -1 9 -1 -1 0 -1 -1 1 34 -1 25 7 0 12 -1 -1 -1 3 2 8 -1 -1 25 22 11 26 22 31 18 10 -1 -1 -1 11 27 9 -1 -1 3 24 3 -1 5 15 -1 -1 4 -1 -1 -1 
-1 21 5 0 -1 -1 -1 6 -1 15 15 -1 27 0 -1 9 -1 10 3 28 -1 28 28 -1 1 26 13 28 -1 17 -1 -1 -1 23 14 8 27 18 22 5 4 9 8 12 -1 -1 -1 -1 -1 3 20 16 18 24 12 26 -1 6 2 19 15 -1 19 -1 -1 33 16 -1 33 -1 -1 34 8 -1 -1 22 9 -1 12 -1 -1 -1 -1 14 3 -1 24 31 -1 -1 -1 -1 5 -1 14 -1 -1 14 1 -1 14 21 14 24 10 12 -1 27 -1 -1 6 -1 3 0 -1 26 25 32 27 -1 33 -1 -1 12 -1 21 5 7 5 24 -1 -1 23 -1 27 -1 -1 5 -1 -1 22 34 -1 -1 -1 -1 25 -1 22 7 
-1 18 3 -1 15 28 -1 -1 6 -1 34 17 2 -1 1 7 23 16 22 -1 -1 6 19 4 -1 -1 16 -1 14 22 17 26 -1 -1 34 34 -1 -1 16 -1 19 -1 6 16 26 -1 -1 -1 -1 27 -1 14 -1 14 -1 14 -1 -1 -1 16 -1 9 -1 -1 -1 13 3 1 7 -1 -1 5 24 31 11 32 2 1 -1 11 21 -1 23 18 25 3 19 -1 31 26 -1 32 33 -1 4 -1 -1 -1 -1 -1 12 -1 5 -1 28 16 5 23 12 3 2 -1 -1 -1 0 10 -1 2 -1 28 -1 -1 -1 13 12 -1 -1 -1 33 -1 26 30 21 8 33 7 -1 32 3 -1 -1 -1 8 -1 -1 8 -1 -1 -1 4 
-1 -1 25 34 2 1 26 3 5 11 -1 32 31 -1 -1 14 -1 0 -1 22 -1 26 28 -1 6 19 30 -1 -1 2 -1 4 23 26 28 -1 5 12 26 -1 24 12 -1 -1 -1 30 0 -1 14 3 -1 15 23 -1 17 -1 8 21 20 -1 8 -1 -1 10 -1 -1 17 11 -1 14 32 25 -1 13 25 -1 17 32 -1 13 -1 -1 12 -1 28 34 -1 -1 26 -1 15 -1 7 -1 3 20 21 -1 -1 -1 20 13 20 -1 27 -1 0 2 22 9 6 11 3 -1 -1 0 4 14 8 28 13 21 10 19 -1 -1 -1 -1 9 -1 12 -1 24 9 12 11 0 9 25 17 21 34 27 -1 24 -1 33 10 25 2 
-1 14 0 -1 21 13 22 7 7 -1 15 -1 16 -1 17 -1 -1 19 -1 27 11 -1 -1 0 20 -1 1 -1 20 18 14 14 4 9 1 1 25 -1 12 24 28 29 20 -1 -1 26 34 -1 -1 28 21 9 24 9 -1 30 24 -1 19 19 33 17 -1 -1 1 -1 -1 19 -1 11 -1 -1 -1 4 -1 11 -1 -1 28 8 -1 0 16 -1 22 11 -1 -1 18 17 31 -1 -1 -1 -1 -1 -1 27 12 11 32 0 17 30 9 -1 -1 -1 -1 15 -1 23 -1 9 27 -1 0 -1 -1 10 25 3 -1 7 -1 18 -1 24 18 6 10 16 2 -1 28 -1 14 -1 -1 8 31 -1 33 6 -1 32 -1 21 -1 18 
-1 19 -1 -1 -1 23 -1 19 8 -1 17 -1 5 26 -1 -1 21 16 31 -1 20 15 14 -1 -1 -1 8 -1 22 10 16 15 11 14 -1 -1 -1 1 18 2 13 -1 28 -1 -1 3 28 34 32 -1 13 -1 -1 11 23 26 9 33 -1 27 19 -1 -1 26 -1 13 -1 -1 -1 -1 -1 4 23 28 6 -1 -1 0 -1 1 -1 -1 -1 -1 27 9 1 13 31 13 31 22 29 23 30 -1 15 31 20 22 24 -1 8 21 11 8 -1 7 29 27 10 14 -1 -1 3 7 -1 0 -1 28 19 34 29 15 -1 -1 5 -1 32 -1 -1 24 13 -1 3 -1 2 7 23 5 6 11 -1 -1 18 7 25 14 -1 26 
-1 0 13 23 10 27 34 -1 4 -1 -1 5 23 31 2 -1 -1 11 12 10 -1 -1 28 20 24 -1 7 -1 -1 -1 34 12 -1 -1 -1 -1 -1 -1 -1 -1 11 9 23 -1 -1 16 21 0 17 1 27 32 -1 20 29 -1 -1 24 14 -1 -1 -1 12 9 13 -1 11 29 20 -1 12 -1 -1 0 -1 -1 8 -1 -1 32 -1 24 24 2 -1 7 -1 -1 -1 -1 -1 -1 33 -1 19 15 -1 -1 26 1 17 -1 -1 8 -1 17 -1 27 -1 -1 -1 0 15 34 -1 33 -1 12 0 30 34 -1 1 -1 25 15 10 -1 -1 30 2 -1 -1 -1 2 -1 -1 13 -1 27 -1 34 30 -1 -1 10 3 7 22 -1 
-1 -1 25 21 -1 -1 1 8 -1 10 -1 27 26 -1 -1 1 19 30 29 27 27 6 -1 -1 4 -1 17 -1 21 8 23 31 -1 27 -1 25 6 -1 -1 29 -1 -1 5 25 14 24 23 0 26 3 18 33 0 14 -1 24 -1 23 -1 11 29 -1 34 34 -1 -1 33 0 32 -1 2 -1 15 27 32 -1 -1 30 19 8 20 14 3 27 20 3 6 -1 -1 7 17 28 2 0 -1 17 2 11 26 -1 -1 24 32 17 -1 18 24 -1 21 19 17 21 20 30 -1 32 -1 7 17 0 30 27 29 30 -1 -1 3 20 34 -1 6 5 29 1 20 18 -1 -1 -1 -1 27 27 -1 34 11 -1 -1 20 29 -1 
-1 -1 7 -1 -1 29 32 4 24 -1 14 12 -1 -1 -1 20 14 16 -1 -1 29 -1 1 5 16 23 -1 -1 -1 29 15 -1 -1 -1 4 9 31 -1 14 21 -1 22 28 22 26 9 -1 9 6 22 27 8 3 26 24 19 33 -1 2 9 15 10 2 -1 -1 10 33 -1 5 27 -1 6 1 -1 15 -1 8 -1 30 30 32 -1 10 29 -1 -1 11 -1 -1 -1 30 11 -1 -1 -1 -1 -1 3 14 0 11 22 -1 -1 -1 31 26 2 34 -1 2 32 -1 -1 22 20 28 -1 27 23 0 -1 -1 27 -1 -1 -1 10 19 -1 1 1 -1 -1 7 -1 19 -1 -1 -1 -1 30 12 -1 7 -1 -1 16 21 20 
-1 -1 -1 8 30 20 21 -1 -1 32 -1 3 11 -1 23 -1 -1 14 -1 -1 -1 15 -1 22 -1 30 2 -1 -1 8 3 -1 -1 28 -1 7 -1 21 7 -1 5 -1 20 22 32 4 24 -1 -1 13 32 4 -1 -1 -1 -1 -1 -1 19 8 33 -1 -1 -1 26 8 23 5 -1 -1 -1 6 -1 22 -1 29 -1 31 -1 -1 9 -1 -1 -1 18 10 9 30 -1 3 16 13 -1 5 -1 -1 -1 -1 -1 16 -1 25 28 -1 31 -1 -1 32 26 22 8 23 -1 -1 -1 -1 18 4 0 14 -1 0 15 -1 8 25 28 -1 -1 17 -1 8 33 19 -1 -1 26 29 -1 21 8 22 19 -1 -1 19 -1 8 5 32 
-1 -1 -1 28 -1 -1 -1 -1 2 -1 -1 -1 17 -1 7 -1 17 20 14 -1 -1 -1 27 13 8 34 15 21 27 -1 23 -1 -1 -1 21 22 31 -1 4 1 -1 -1 1 -1 29 -1 3 4 -1 -1 5 4 28 4 3 -1 20 34 -1 17 -1 8 -1 14 14 31 -1 -1 27 18 12 19 10 -1 14 3 7 -1 -1 -1 19 -1 1 -1 16 27 -1 -1 30 34 -1 3 2 19 6 -1 21 22 33 15 17 -1 -1 -1 -1 -1 17 -1 14 9 -1 6 -1 -1 6 7 -1 -1 10 -1 -1 23 0 30 -1 30 -1 -1 -1 28 6 10 14 5 8 14 15 -1 17 9 -1 27 1 -1 17 11 -1 29 -1 12 
-1 -1 4 -1 -1 32 -1 29 -1 -1 24 -1 20 14 25 11 3 -1 -1 24 0 29 22 -1 15 31 19 -1 -1 16 0 -1 18 -1 31 6 -1 18 31 18 -1 21 11 -1 -1 -1 13 33 23 -1 20 30 12 8 -1 8 -1 -1 -1 -1 31 21 -1 -1 18 -1 9 -1 -1 16 -1 22 -1 1 32 27 10 -1 8 -1 2 -1 -1 -1 -1 18 -1 -1 10 -1 15 24 -1 18 -1 18 31 18 12 -1 1 25 8 12 5 8 -1 33 -1 9 -1 -1 13 -1 4 10 -1 -1 -1 26 -1 28 26 0 31 -1 22 -1 23 3 -1 -1 17 33 28 33 -1 -1 13 -1 27 -1 14 32 -1 16 34 -1 -1 7 
-1 19 4 3 4 -1 -1 24 26 -1 -1 -1 -1 11 27 -1 24 15 -1 9 31 33 4 8 7 25 6 32 2 -1 -1 16 -1 10 -1 4 -1 -1 13 13 -1 -1 -1 10 -1 17 17 31 -1 3 14 32 -1 -1 -1 27 29 -1 -1 -1 -1 22 -1 -1 -1 -1 -1 13 8 31 6 -1 31 -1 26 30 -1 4 10 29 2 2 32 -1 30 30 31 14 28 -1 -1 28 -1 0 -1 -1 -1 10 -1 0 -1 -1 -1 30 5 32 -1 18 8 20 13 27 2 -1 16 -1 -1 -1 9 5 -1 -1 -1 5 0 22 -1 14 16 -1 6 31 -1 31 0 24 -1 16 -1 -1 2 -1 -1 13 0 19 14 -1 -1 -1 
-1 -1 10 4 14 -1 9 20 23 23 28 -1 17 7 -1 -1 18 9 9 2 27 34 -1 -1 14 29 5 12 15 30 13 2 18 -1 31 -1 12 24 17 19 22 -1 22 13 27 -1 23 -1 22 -1 -1 -1 12 20 -1 -1 26 18 31 4 7 -1 -1 32 2 4 30 16 -1 -1 -1 -1 22 -1 20 5 -1 33 -1 18 -1 11 12 -1 5 -1 15 2 -1 15 -1 5 -1 8 25 3 20 26 -1 -1 28 -1 -1 24 -1 19 4 -1 14 1 14 26 23 32 26 -1 28 -1 1 27 -1 -1 20 -1 -1 0 -1 21 -1 10 -1 15 32 -1 -1 5 -1 -1 28 -1 -1 -1 -1 1 25 -1 -1 6 -1 6 
-1 11 -1 27 -1 -1 0 21 17 4 -1 32 10 -1 -1 -1 -1 22 22 -1 -1 8 -1 -1 30 2 19 33 8 23 -1 8 4 32 10 18 -1 30 -1 -1 -1 -1 -1 29 21 -1 -1 34 -1 -1 -1 4 23 10 -1 -1 18 -1 15 -1 -1 -1 -1 3 20 20 2 34 8 0 -1 -1 -1 24 6 -1 2 1 8 17 15 14 -1 -1 6 4 -1 -1 21 19 -1 -1 12 16 -1 21 16 27 -1 11 23 -1 9 -1 8 -1 -1 25 -1 -1 -1 -1 -1 11 -1 -1 -1 21 -1 -1 -1 10 3 4 -1 -1 0 17 -1 -1 4 2 -1 2 18 2 21 -1 9 6 2 29 31 1 -1 33 -1 13 14 21 
-1 -1 30 20 -1 34 11 30 -1 -1 18 -1 -1 -1 -1 22 22 -1 14 13 -1 13 2 -1 -1 -1 8 15 -1 12 2 18 15 4 24 23 9 25 23 5 -1 26 6 -1 20 21 7 27 10 23 -1 20 -1 13 24 -1 -1 25 -1 14 25 12 -1 10 8 -1 28 9 31 -1 -1 33 23 15 5 16 33 -1 8 -1 6 17 -1 19 6 -1 24 9 21 -1 -1 21 32 11 15 -1 -1 18 -1 13 34 -1 -1 1 -1 17 -1 16 -1 -1 19 2 27 -1 -1 7 -1 13 -1 -1 -1 -1 -1 3 -1 -1 -1 0 2 18 27 33 15 -1 11 -1 -1 21 -1 25 -1 -1 8 23 20 29 23 25 -1 -1 
-1 -1 20 -1 31 -1 -1 13 15 16 -1 -1 -1 -1 -1 -1 1 24 9 9 14 -1 2 10 18 30 -1 -1 9 -1 16 2 26 25 -1 -1 -1 29 13 26 24 17 4 15 25 23 10 0 -1 -1 28 26 2 33 9 33 17 24 -1 4 -1 4 -1 8 25 26 32 27 27 18 26 -1 -1 -1 21 -1 -1 -1 -1 2 -1 -1 4 25 2 9 29 29 9 7 -1 16 -1 -1 -1 26 11 -1 21 33 -1 21 -1 14 -1 31 11 11 4 -1 29 21 -1 33 29 19 -1 31 31 -1 -1 -1 -1 -1 -1 4 22 34 0 15 26 12 -1 -1 -1 -1 -1 12 -1 13 -1 7 5 29 4 -1 -1 2 18 19 
-1 7 15 -1 -1 2 -1 28 -1 15 -1 -1 -1 -1 23 9 13 23 16 -1 17 18 -1 6 27 4 -1 13 32 24 -1 -1 -1 -1 15 32 -1 2 11 5 29 10 16 -1 -1 27 -1 10 31 -1 25 25 -1 -1 -1 31 -1 -1 34 -1 2 16 -1 32 32 5 20 31 16 0 9 -1 12 -1 16 1 12 33 -1 -1 23 11 21 19 30 -1 7 -1 28 3 -1 0 30 13 -1 5 -1 -1 -1 13 -1 31 18 -1 4 8 4 8 33 -1 30 -1 -1 -1 -1 31 11 31 -1 9 6 8 33 13 24 -1 3 -1 23 0 -1 -1 28 13 27 -1 22 6 6 2 -1 20 -1 11 -1 -1 24 -1 33 17 
-1 -1 -1 19 -1 -1 12 10 5 12 -1 2 -1 21 23 -1 7 4 8 -1 13 12 -1 10 9 18 24 31 -1 -1 -1 -1 10 -1 -1 23 21 9 10 -1 -1 -1 -1 -1 10 15 21 16 17 16 -1 9 -1 1 11 -1 30 29 -1 18 3 9 -1 19 23 32 16 7 33 16 -1 23 -1 0 1 1 20 -1 18 22 0 -1 -1 2 15 16 24 30 -1 30 -1 10 15 5 2 -1 -1 -1 -1 28 -1 -1 26 34 12 -1 31 10 29 23 22 -1 10 -1 16 23 -1 20 -1 2 -1 -1 34 18 26 10 -1 -1 16 18 0 -1 0 19 -1 14 23 16 14 12 -1 -1 -1 -1 31 25 27 3 26 14 
-1 -1 0 28 -1 27 33 9 -1 -1 -1 3 -1 20 -1 -1 30 -1 22 12 -1 -1 -1 24 33 14 8 4 17 -1 -1 2 16 34 -1 19 -1 -1 -1 19 33 16 -1 -1 -1 -1 -1 -1 26 20 7 18 17 3 26 14 30 22 2 -1 -1 16 20 -1 -1 13 28 -1 -1 9 3 -1 17 6 25 19 -1 -1 19 6 -1 19 -1 30 -1 10 15 -1 5 26 -1 19 29 12 19 2 -1 12 -1 -1 -1 -1 -1 1 -1 -1 -1 -1 5 10 -1 -1 30 -1 2 -1 14 26 3 -1 0 -1 -1 -1 -1 21 20 11 -1 1 21 0 5 2 -1 23 12 -1 23 6 -1 -1 -1 30 5 25 20 -1 -1 23 
-1 -1 25 21 33 8 2 -1 18 32 4 27 -1 31 13 -1 23 27 28 30 -1 -1 28 -1 -1 -1 -1 -1 -1 11 1 -1 34 -1 -1 -1 25 25 20 -1 1 7 -1 15 13 33 26 -1 3 31 7 12 -1 -1 -1 -1 1 -1 -1 23 21 13 3 -1 -1 -1 -1 2 0 -1 1 -1 5 1 19 -1 19 -1 -1 10 3 34 33 32 33 15 -1 -1 20 -1 -1 14 13 -1 -1 0 -1 -1 30 20 5 -1 -1 -1 -1 6 -1 27 16 -1 -1 -1 -1 3 19 -1 12 26 12 -1 25 -1 13 33 -1 -1 1 -1 -1 2 16 31 0 16 23 30 -1 -1 -1 -1 12 22 2 4 -1 9 31 4 -1 23 
-1 24 33 25 -1 23 24 22 -1 18 21 14 13 -1 -1 -1 -1 -1 23 5 2 -1 7 26 6 9 -1 33 -1 24 26 -1 23 12 0 29 -1 -1 4 13 -1 -1 -1 28 3 -1 20 6 25 -1 -1 26 -1 -1 0 -1 2 -1 9 -1 17 -1 -1 -1 -1 8 -1 -1 -1 6 -1 16 -1 -1 3 -1 16 -1 -1 -1 -1 -1 22 15 -1 -1 -1 -1 32 28 -1 16 3 3 22 8 21 21 27 -1 -1 12 29 15 -1 -1 -1 3 13 13 -1 24 3 -1 25 0 -1 27 11 23 -1 1 18 -1 32 31 5 9 31 -1 17 9 10 0 18 12 8 2 -1 -1 -1 -1 34 -1 -1 -1 9 34 -1 2 
-1 34 5 33 -1 11 4 22 29 9 17 -1 2 25 10 -1 -1 -1 -1 30 2 32 27 7 -1 -1 -1 -1 34 -1 29 31 12 30 7 -1 -1 26 -1 32 2 -1 20 25 -1 20 4 -1 7 29 2 27 -1 -1 -1 -1 -1 8 -1 13 7 -1 -1 16 -1 -1 -1 -1 25 -1 14 6 31 -1 12 -1 7 -1 -1 7 -1 34 -1 -1 5 33 6 31 -1 15 -1 -1 32 17 15 22 16 -1 12 -1 -1 -1 27 9 33 -1 -1 31 -1 33 10 24 -1 26 28 -1 -1 13 -1 8 26 3 18 16 5 29 -1 29 34 -1 21 -1 16 3 0 19 34 14 -1 23 -1 1 -1 -1 -1 -1 34 -1 14 0 
-1 -1 -1 -1 -1 -1 7 -1 -1 14 32 -1 -1 28 2 -1 -1 -1 23 4 -1 -1 28 26 -1 23 -1 10 -1 28 -1 -1 -1 20 14 -1 10 19 -1 18 32 -1 22 6 -1 -1 -1 10 -1 -1 -1 -1 -1 11 -1 7 10 -1 15 9 8 0 0 -1 -1 16 17 25 -1 0 -1 24 3 2 -1 24 -1 6 5 -1 -1 -1 -1 -1 12 -1 -1 -1 -1 14 11 -1 0 6 18 -1 33 7 -1 -1 -1 -1 31 0 32 34 -1 23 -1 6 -1 29 -1 0 2 9 4 -1 18 33 -1 -1 20 6 -1 17 -1 -1 -1 22 33 -1 29 11 28 0 23 20 -1 -1 -1 21 3 28 8 10 34 -1 11 21 
-1 29 4 15 12 32 -1 -1 26 -1 13 5 27 29 1 17 -1 21 -1 29 14 -1 9 -1 -1 22 4 -1 -1 32 -1 8 -1 29 -1 31 30 20 2 -1 1 -1 -1 -1 21 -1 28 -1 -1 4 3 -1 -1 23 17 0 7 -1 26 -1 -1 -1 11 -1 7 19 33 10 24 0 26 -1 -1 30 5 -1 8 15 -1 -1 -1 34 -1 21 28 -1 17 29 32 33 -1 -1 -1 8 10 7 -1 26 17 -1 -1 26 6 3 30 2 12 33 -1 33 -1 9 -1 1 -1 14 14 30 -1 25 15 16 34 -1 -1 4 9 33 -1 6 -1 29 8 30 -1 28 0 30 10 26 -1 23 21 -1 -1 7 -1 4 31 -1 
-1 11 32 23 13 -1 29 11 2 25 -1 22 -1 27 25 -1 -1 7 -1 -1 16 14 19 -1 3 -1 -1 -1 25 -1 18 25 -1 23 -1 -1 -1 10 15 27 19 0 4 31 32 -1 13 -1 15 8 -1 -1 31 5 -1 4 11 27 -1 -1 -1 -1 -1 -1 0 18 -1 -1 -1 26 -1 3 -1 24 23 27 -1 17 19 -1 21 -1 17 -1 26 -1 -1 19 -1 23 -1 22 9 31 13 13 6 -1 25 -1 -1 9 18 -1 30 -1 24 12 19 -1 -1 -1 -1 -1 32 14 31 29 -1 31 -1 23 -1 16 29 7 -1 27 13 9 27 21 -1 -1 -1 -1 -1 0 28 -1 19 6 -1 -1 20 -1 0 25 13 31 
-1 -1 5 22 -1 0 -1 23 -1 1 15 28 18 20 18 29 33 23 18 -1 -1 0 -1 29 27 0 26 3 -1 -1 31 25 -1 17 23 10 8 1 -1 10 -1 25 21 23 -1 17 32 -1 16 10 -1 30 -1 21 -1 7 -1 15 23 -1 27 21 -1 4 -1 -1 -1 -1 15 34 -1 34 -1 28 22 4 -1 6 -1 10 22 5 0 -1 -1 26 -1 7 8 14 34 11 20 15 -1 1 -1 2 -1 16 6 -1 21 -1 -1 -1 11 11 22 24 -1 26 6 -1 34 23 -1 -1 19 -1 -1 33 19 -1 -1 -1 -1 -1 5 -1 15 -1 -1 -1 0 2 17 2 0 -1 -1 1 3 27 -1 29 3 15 -1 -1 
-1 16 25 28 28 -1 -1 24 14 23 27 12 -1 -1 9 -1 -1 -1 -1 -1 -1 31 19 34 -1 24 -1 5 20 13 -1 4 -1 -1 16 6 -1 -1 26 -1 27 2 3 -1 -1 -1 -1 24 15 3 34 26 2 -1 3 11 3 26 23 -1 8 -1 -1 -1 -1 32 -1 12 2 9 -1 31 21 21 24 16 18 -1 -1 30 12 -1 3 -1 -1 7 -1 27 -1 -1 -1 29 -1 -1 18 5 -1 0 20 11 31 19 31 30 8 6 6 1 -1 -1 30 24 -1 -1 -1 -1 -1 -1 14 30 -1 -1 -1 -1 21 17 22 -1 28 -1 32 27 3 19 -1 26 -1 11 -1 0 13 -1 5 -1 0 23 -1 24 25 17 
-1 31 3 26 19 14 24 7 -1 -1 0 -1 -1 33 -1 4 12 -1 -1 34 24 -1 -1 19 4 21 1 5 -1 -1 9 18 -1 27 15 18 19 -1 -1 -1 -1 -1 19 -1 32 22 -1 -1 28 -1 28 11 11 16 15 32 -1 23 8 -1 21 20 27 23 2 33 -1 27 -1 20 -1 -1 14 1 13 2 5 -1 -1 -1 -1 21 -1 -1 -1 19 -1 27 23 -1 24 15 -1 12 12 -1 -1 -1 -1 28 8 24 -1 10 -1 14 26 8 -1 11 0 12 -1 30 17 9 31 0 15 -1 -1 16 -1 19 9 1 10 -1 -1 8 18 26 22 -1 21 -1 -1 -1 27 -1 0 -1 -1 -1 -1 -1 -1 -1 -1 1 
-1 -1 11 17 -1 -1 5 22 -1 13 4 -1 12 -1 -1 -1 -1 24 2 18 15 30 -1 7 3 -1 29 25 -1 11 10 16 -1 5 23 -1 -1 8 31 -1 14 -1 -1 -1 -1 3 -1 1 24 -1 -1 -1 -1 -1 34 2 30 -1 5 -1 19 5 -1 -1 4 -1 9 14 23 -1 33 27 -1 4 -1 12 -1 26 12 -1 -1 26 33 -1 24 20 13 -1 2 31 8 31 14 -1 -1 8 22 24 25 27 25 -1 16 -1 18 -1 -1 19 19 24 11 -1 -1 23 -1 18 25 10 25 24 4 -1 -1 33 18 30 -1 17 27 34 -1 26 -1 -1 -1 15 34 24 19 17 -1 0 28 9 31 33 -1 -1 26 5 
-1 -1 -1 -1 34 4 -1 -1 -1 0 4 6 19 27 27 -1 23 -1 11 28 11 -1 17 23 19 0 9 22 6 -1 10 29 17 3 -1 16 -1 8 -1 31 30 20 -1 25 27 27 21 -1 -1 -1 19 1 3 4 34 26 26 25 33 5 30 -1 15 10 -1 17 -1 -1 12 -1 -1 28 -1 -1 -1 2 28 -1 8 26 -1 23 -1 34 0 -1 7 -1 -1 -1 -1 -1 -1 15 2 -1 15 28 28 -1 9 -1 11 -1 10 -1 -1 8 -1 31 -1 32 29 -1 -1 6 29 -1 16 -1 3 -1 -1 -1 8 -1 -1 7 3 -1 26 -1 -1 6 -1 -1 -1 -1 30 34 -1 0 0 30 -1 -1 -1 32 -1 22 
-1 -1 -1 24 -1 -1 -1 -1 8 8 20 -1 -1 -1 9 24 27 -1 17 -1 6 32 -1 -1 10 -1 31 9 14 -1 4 -1 -1 -1 -1 -1 -1 -1 -1 30 31 -1 4 0 -1 29 18 25 23 15 -1 25 3 29 29 28 1 11 -1 5 19 24 -1 -1 -1 18 4 4 8 33 -1 30 -1 -1 -1 -1 -1 -1 24 9 20 -1 4 8 33 30 -1 -1 32 12 -1 -1 -1 0 32 6 26 12 -1 10 -1 21 -1 6 -1 4 -1 -1 7 -1 -1 -1 27 7 3 11 30 15 -1 10 -1 -1 17 -1 30 -1 -1 19 -1 -1 -1 4 32 32 17 13 19 18 -1 25 30 -1 -1 0 4 13 -1 -1 22 12 
-1 -1 26 15 -1 28 17 -1 -1 30 10 -1 -1 10 5 6 9 -1 15 -1 1 -1 -1 31 12 33 -1 30 -1 -1 -1 -1 -1 -1 28 -1 10 5 25 29 -1 -1 -1 16 12 -1 30 4 13 0 -1 19 -1 28 31 21 10 32 -1 -1 -1 2 30 9 27 3 3 32 31 14 30 11 30 -1 29 27 -1 25 7 -1 -1 -1 -1 24 -1 -1 -1 5 5 -1 30 29 -1 -1 2 28 -1 20 0 18 -1 14 -1 -1 14 28 10 8 19 8 11 12 -1 -1 24 21 -1 -1 28 25 32 -1 -1 -1 3 32 -1 -1 3 -1 30 -1 -1 16 -1 26 34 24 -1 17 1 -1 -1 20 0 23 -1 -1 -1 23 
-1 18 6 -1 22 29 2 25 23 31 21 -1 -1 -1 19 12 -1 0 -1 -1 5 -1 -1 24 25 11 -1 30 -1 24 25 -1 -1 17 27 -1 -1 6 22 19 21 -1 -1 4 -1 -1 9 -1 -1 30 29 9 -1 -1 -1 19 -1 -1 -1 16 23 5 28 -1 17 4 -1 0 -1 -1 17 -1 16 13 -1 -1 5 -1 27 -1 -1 -1 -1 12 0 5 34 -1 -1 3 29 31 18 -1 -1 -1 24 -1 4 -1 10 29 31 21 -1 20 21 32 9 7 -1 7 21 14 -1 15 1 -1 -1 -1 -1 32 31 7 -1 14 17 -1 33 5 31 -1 11 9 20 13 -1 -1 31 -1 27 -1 -1 -1 -1 0 -1 18 -1 31 
-1 -1 24 24 15 7 -1 15 6 31 13 32 26 11 -1 -1 7 29 25 -1 17 -1 3 18 23 -1 -1 -1 -1 -1 -1 -1 26 1 -1 18 2 18 29 -1 -1 -1 15 4 -1 -1 -1 18 -1 -1 22 -1 -1 -1 -1 33 26 -1 -1 17 28 -1 -1 -1 -1 29 22 -1 -1 14 14 13 29 -1 11 9 8 -1 -1 10 -1 23 17 -1 -1 2 0 -1 -1 12 13 -1 -1 -1 33 13 -1 -1 2 -1 -1 15 23 -1 29 29 15 9 19 3 32 11 14 7 23 -1 -1 -1 3 15 -1 -1 27 4 8 29 -1 14 29 -1 32 -1 8 28 4 -1 -1 18 6 -1 24 -1 -1 -1 1 5 0 6 30 27 
-1 16 -1 16 27 23 33 -1 -1 1 24 -1 -1 4 9 30 -1 25 0 3 -1 28 -1 12 24 32 8 3 -1 34 -1 -1 -1 10 19 -1 9 26 12 -1 -1 9 16 27 31 -1 -1 13 15 8 9 -1 16 -1 -1 -1 17 -1 29 20 1 -1 0 6 2 11 9 20 20 20 8 16 32 7 1 5 -1 12 18 3 -1 -1 7 30 -1 -1 12 -1 0 -1 20 -1 -1 31 -1 -1 -1 -1 -1 3 34 11 18 25 -1 5 21 -1 1 4 -1 19 2 -1 3 -1 16 26 17 -1 -1 2 -1 19 -1 22 7 9 19 25 -1 -1 34 -1 30 13 -1 8 14 31 31 -1 -1 7 19 19 -1 0 -1 16 
-1 2 -1 19 -1 14 -1 -1 -1 11 29 -1 -1 -1 14 20 17 14 -1 -1 14 -1 -1 14 5 -1 -1 0 -1 -1 -1 28 8 -1 8 21 30 29 33 -1 -1 34 20 23 9 -1 -1 -1 23 -1 13 4 31 -1 27 1 22 24 3 26 33 26 5 17 26 -1 -1 0 31 31 32 5 27 25 -1 29 8 -1 25 -1 -1 1 28 22 -1 19 15 -1 -1 -1 13 -1 26 10 31 7 4 -1 -1 -1 29 28 27 3 -1 9 16 3 13 23 19 34 7 -1 -1 -1 7 18 20 9 -1 8 23 30 27 4 30 -1 6 -1 32 7 31 -1 -1 24 -1 14 21 22 18 28 22 17 -1 5 20 -1 0 11 
-1 -1 -1 -1 -1 -1 -1 -1 -1 -1 -1 -1 -1 -1 -1 -1 -1 -1 -1 -1 -1 -1 -1 -1 -1 -1 -1 -1 -1 -1 -1 -1 -1 -1 -1 -1 -1 -1 -1 -1 -1 -1 -1 -1 -1 -1 -1 -1 -1 -1 -1 -1 -1 -1 -1 -1 -1 -1 -1 -1 -1 -1 -1 -1 -1 -1 -1 -1 -1 -1 -1 -1 -1 -1 -1 -1 -1 -1 -1 -1 -1 -1 -1 -1 -1 -1 -1 -1 -1 -1 -1 -1 -1 -1 -1 -1 -1 -1 -1 -1 -1 -1 -1 -1 -1 -1 -1 -1 -1 -1 -1 -1 -1 -1 -1 -1 -1 -1 -1 -1 -1 -1 -1 -1 -1 -1 -1 -1 -1 -1 -1 -1 -1 -1 -1 -1 -1 -1 -1 -1 -1 -1 -1 -1 -1 -1 -1 -1 -1 0 
