25
0 1 4 7 15 26 18 28 4 15 23 -1 7 15 13 1 -1 8 3 8 32 1 22 16 5 
-1 0 23 -1 -1 21 24 34 8 -1 24 -1 -1 12 -1 8 20 -1 -1 19 -1 33 -1 21 21 
-1 -1 0 20 -1 16 -1 0 28 -1 -1 29 4 -1 30 21 13 5 -1 -1 30 6 16 10 20 
-1 29 7 0 7 -1 28 9 31 -1 -1 20 2 3 -1 -1 -1 23 -1 -1 -1 -1 -1 1 9 
-1 -1 9 7 0 -1 24 1 -1 3 -1 6 2 -1 28 21 -1 28 22 18 12 22 -1 3 21 
-1 33 -1 -1 -1 0 -1 -1 -1 -1 30 24 13 28 -1 9 34 -1 -1 -1 12 -1 22 13 10 
-1 11 -1 14 14 9 0 -1 -1 -1 -1 0 -1 -1 -1 24 28 -1 29 0 24 -1 -1 33 0 
-1 15 6 -1 -1 27 -1 0 -1 25 -1 33 -1 0 -1 29 21 16 9 7 20 17 -1 28 16 
-1 -1 16 10 25 -1 11 5 0 16 -1 -1 29 24 19 27 2 1 -1 14 30 5 17 33 14 
-1 -1 16 -1 -1 -1 17 19 -1 0 13 -1 24 0 5 -1 24 23 30 23 26 5 30 21 14 
-1 10 -1 1 17 -1 -1 33 24 -1 0 10 1 21 28 28 16 -1 -1 23 -1 5 33 13 22 
-1 33 26 25 10 18 -1 29 -1 -1 20 0 -1 11 -1 9 23 -1 -1 0 -1 0 -1 31 27 
-1 -1 -1 13 -1 4 11 -1 33 0 24 4 0 18 14 7 8 8 31 -1 -1 -1 -1 18 18 
-1 -1 31 -1 -1 8 14 -1 22 -1 -1 10 2 0 19 -1 -1 -1 18 -1 28 -1 -1 20 29 
-1 -1 15 34 -1 -1 -1 -1 6 12 24 -1 11 -1 0 16 4 23 -1 -1 -1 18 -1 -1 14 
-1 -1 -1 13 3 18 -1 -1 10 -1 -1 -1 -1 22 28 0 -1 6 17 9 -1 -1 16 -1 11 
-1 14 19 -1 -1 9 -1 19 21 -1 -1 2 28 21 21 -1 0 -1 2 -1 17 -1 34 21 15 
-1 22 2 -1 -1 13 3 -1 13 12 34 12 26 5 -1 -1 11 0 2 11 34 26 13 23 21 
-1 18 -1 10 -1 20 -1 -1 -1 -1 -1 12 -1 -1 1 26 -1 34 0 -1 12 -1 24 1 9 
-1 27 25 -1 -1 -1 16 9 -1 18 -1 -1 28 33 12 31 23 7 -1 0 2 -1 -1 21 -1 
-1 33 -1 15 25 31 2 32 -1 13 -1 15 25 18 -1 3 -1 3 20 -1 0 -1 0 -1 -1 
-1 33 19 5 25 31 -1 -1 -1 31 18 -1 -1 12 23 -1 7 -1 -1 29 6 0 29 20 8 
-1 7 21 -1 18 7 18 -1 -1 -1 -1 12 3 -1 26 -1 29 26 31 21 -1 15 0 -1 29 
-1 3 15 18 -1 22 18 21 28 -1 -1 20 23 -1 30 -1 -1 -1 17 -1 0 23 -1 0 5 
-1 -1 -1 -1 -1 -1 -1 -1 -1 -1 -1 -1 -1 -1 -1 -1 -1 -1 -1 -1 -1 -1 -1 -1 0 
