50
0 -1 -1 14 0 18 -1 18 10 14 3 26 29 -1 -1 26 2 20 20 25 6 3 -1 24 1 0 17 1 27 34 33 13 -1 34 1 4 20 0 9 2 1 20 23 -1 2 24 14 21 31 -1 
-1 0 -1 3 -1 31 29 16 -1 -1 -1 22 -1 4 -1 1 -1 -1 4 23 -1 30 -1 4 30 6 -1 18 25 29 13 13 27 -1 -1 23 25 17 10 -1 1 -1 -1 31 -1 20 -1 18 26 -1 
-1 17 0 -1 3 8 6 27 -1 26 -1 -1 33 28 10 -1 14 12 -1 32 20 -1 -1 4 1 16 -1 -1 8 31 21 11 -1 9 21 -1 -1 24 -1 -1 -1 21 33 -1 34 11 -1 -1 13 34 
-1 34 -1 0 24 0 17 6 5 28 22 -1 31 0 34 -1 34 8 12 -1 8 24 32 -1 18 5 -1 -1 7 3 29 7 29 5 10 1 18 -1 -1 30 -1 11 23 18 21 26 -1 19 29 7 
-1 27 1 28 0 32 9 30 9 -1 2 -1 1 14 15 20 26 -1 4 11 -1 1 -1 -1 34 -1 -1 30 12 29 -1 1 10 -1 -1 9 -1 6 5 27 10 0 -1 -1 29 -1 -1 30 -1 0 
-1 -1 25 30 16 0 31 23 15 10 27 -1 -1 0 2 -1 4 10 22 -1 -1 23 0 -1 -1 -1 -1 6 -1 22 29 0 15 -1 -1 25 -1 3 24 13 14 28 -1 2 34 19 5 -1 13 22 
-1 -1 7 14 -1 21 0 -1 -1 -1 -1 34 -1 18 -1 20 -1 11 27 26 16 13 -1 -1 -1 -1 -1 -1 13 -1 11 5 25 32 23 -1 3 -1 23 -1 -1 28 33 22 18 -1 17 15 4 -1 
-1 -1 25 29 -1 34 -1 0 19 -1 1 -1 25 -1 -1 21 -1 16 29 23 18 30 13 11 30 -1 -1 -1 -1 -1 4 2 34 -1 -1 14 6 -1 -1 -1 4 -1 19 -1 25 22 -1 26 13 2 
-1 15 0 26 29 29 12 -1 0 20 -1 27 34 33 -1 28 32 34 11 -1 26 0 28 8 -1 11 -1 21 29 -1 -1 21 23 -1 30 18 32 -1 -1 33 -1 10 7 -1 -1 26 -1 15 21 19 
-1 -1 34 34 9 -1 -1 -1 29 0 -1 25 -1 20 24 11 23 -1 21 14 -1 11 15 -1 24 27 -1 26 26 29 -1 7 -1 -1 18 -1 13 25 -1 26 -1 -1 -1 23 34 33 31 18 -1 12 
-1 -1 19 -1 6 11 20 7 11 0 0 -1 30 -1 -1 -1 20 -1 30 7 -1 13 20 -1 7 26 31 -1 -1 27 -1 0 14 16 -1 28 2 -1 -1 18 -1 -1 -1 -1 0 16 -1 34 -1 15 
-1 -1 -1 8 -1 12 34 1 8 -1 -1 0 -1 6 10 -1 33 5 29 -1 28 5 -1 -1 8 -1 10 14 -1 -1 10 34 -1 -1 14 33 25 16 10 16 -1 21 -1 18 29 11 11 2 -1 -1 
-1 -1 13 -1 -1 -1 6 -1 23 4 -1 18 0 8 -1 -1 23 -1 1 -1 -1 1 -1 16 -1 22 23 9 31 15 8 -1 -1 -1 -1 -1 26 2 18 2 4 32 9 1 7 28 -1 11 32 15 
-1 -1 -1 -1 -1 14 10 28 23 -1 24 -1 -1 0 -1 19 -1 21 8 -1 -1 26 33 -1 15 -1 9 29 -1 21 -1 18 3 -1 -1 27 34 -1 -1 4 31 11 -1 0 -1 -1 26 -1 8 13 
-1 7 -1 15 11 -1 -1 9 -1 -1 18 20 -1 -1 0 -1 1 23 13 -1 34 -1 -1 30 -1 19 -1 16 22 9 -1 -1 1 21 11 2 -1 -1 28 28 29 22 2 -1 -1 -1 -1 -1 -1 24 
-1 9 -1 26 21 7 -1 -1 20 16 1 -1 -1 -1 -1 0 -1 -1 -1 -1 26 -1 -1 1 -1 30 -1 19 32 -1 -1 -1 -1 -1 -1 29 17 -1 2 -1 19 29 23 -1 -1 13 -1 32 -1 4 
-1 20 13 5 -1 25 -1 5 23 -1 -1 22 -1 -1 0 31 0 -1 1 27 -1 24 17 -1 27 11 25 33 27 10 -1 18 -1 11 5 26 -1 -1 -1 -1 25 -1 -1 -1 11 26 24 1 3 2 
-1 19 -1 13 2 34 17 25 9 -1 -1 -1 -1 -1 -1 -1 23 0 5 -1 -1 -1 -1 -1 27 30 23 -1 12 26 18 17 -1 -1 16 -1 23 -1 17 -1 -1 7 -1 29 -1 -1 4 30 -1 29 
-1 32 11 -1 -1 -1 -1 10 -1 7 16 15 27 -1 13 25 -1 34 0 15 19 31 7 19 5 1 32 28 19 0 31 28 6 29 -1 -1 24 -1 2 3 -1 11 30 27 -1 -1 0 5 12 5 
-1 13 34 30 -1 9 -1 15 12 26 32 -1 -1 -1 17 -1 22 -1 5 0 18 -1 19 -1 6 19 2 -1 -1 -1 6 -1 23 -1 -1 -1 -1 -1 4 26 -1 26 4 -1 19 3 27 -1 -1 0 
-1 6 -1 -1 -1 3 21 18 -1 4 15 -1 9 -1 4 -1 2 -1 -1 13 0 -1 -1 -1 13 -1 20 16 34 6 22 -1 -1 -1 29 -1 -1 31 -1 -1 -1 12 24 27 8 22 -1 33 -1 27 
-1 -1 4 22 -1 22 13 7 10 -1 -1 26 25 31 18 -1 -1 30 -1 -1 16 0 26 -1 15 25 -1 -1 -1 30 6 14 15 10 3 29 32 4 6 -1 -1 13 -1 29 19 8 -1 -1 12 14 
-1 14 -1 -1 24 31 -1 -1 27 5 27 -1 13 21 -1 16 3 33 23 13 9 31 0 -1 -1 12 17 12 26 24 1 26 -1 6 27 30 -1 11 34 -1 3 -1 28 17 -1 -1 12 18 -1 -1 
-1 -1 -1 34 33 -1 7 -1 -1 19 32 12 -1 -1 11 -1 1 11 -1 33 -1 -1 17 0 -1 16 28 17 -1 21 24 -1 -1 6 9 -1 -1 -1 0 28 32 3 11 33 11 -1 19 -1 -1 1 
-1 13 34 7 20 30 -1 18 27 -1 18 34 3 19 26 17 32 11 -1 -1 3 0 9 -1 0 28 27 -1 9 10 8 8 -1 -1 0 -1 -1 -1 -1 33 2 -1 -1 -1 8 26 -1 -1 34 18 
-1 -1 -1 30 30 -1 -1 -1 6 0 -1 29 -1 -1 -1 -1 23 -1 -1 -1 6 -1 -1 -1 11 0 -1 -1 1 -1 13 -1 27 12 16 26 -1 26 25 -1 22 17 -1 -1 33 19 14 -1 34 4 
-1 25 21 -1 30 -1 -1 -1 6 -1 33 24 -1 -1 21 28 -1 22 12 -1 -1 -1 19 -1 24 -1 0 -1 33 -1 27 12 16 11 -1 -1 29 3 29 -1 -1 14 -1 -1 -1 30 20 -1 17 -1 
-1 16 -1 -1 3 -1 28 -1 -1 -1 29 -1 3 15 -1 -1 19 19 31 -1 31 30 21 13 0 -1 -1 0 26 30 31 6 32 33 -1 13 1 -1 -1 -1 -1 -1 21 -1 0 9 25 -1 31 8 
-1 -1 5 12 2 -1 15 15 -1 -1 -1 28 -1 -1 -1 -1 4 -1 -1 19 8 -1 -1 -1 -1 -1 -1 29 0 15 -1 -1 -1 -1 6 -1 -1 3 19 15 -1 34 -1 33 29 19 1 1 -1 25 
-1 10 34 5 6 -1 1 -1 10 33 6 -1 22 20 -1 33 -1 -1 -1 11 -1 16 -1 24 -1 -1 24 -1 6 0 -1 6 -1 0 1 -1 34 34 1 25 -1 32 16 -1 -1 -1 7 25 4 25 
-1 -1 14 17 6 31 29 6 14 18 -1 -1 -1 33 29 -1 19 1 28 4 -1 -1 30 8 29 -1 3 -1 33 -1 0 23 31 19 13 3 -1 -1 -1 -1 -1 -1 -1 -1 -1 4 -1 1 21 19 
-1 -1 1 10 -1 28 11 20 20 16 23 14 32 10 18 12 10 9 -1 -1 23 34 11 -1 -1 -1 31 4 -1 1 17 0 -1 25 19 5 14 25 8 19 26 -1 17 -1 31 7 -1 23 24 -1 
-1 29 27 -1 18 -1 12 14 -1 0 17 -1 -1 2 25 21 -1 -1 -1 -1 5 33 10 -1 8 -1 32 -1 -1 18 20 -1 0 25 1 12 -1 5 15 17 32 20 2 1 27 26 19 -1 2 31 
-1 4 -1 17 -1 11 13 -1 7 18 16 -1 4 28 22 23 9 3 20 -1 5 -1 2 -1 6 18 3 8 26 4 27 0 23 0 10 28 13 -1 8 17 2 6 0 29 6 18 10 3 0 15 
-1 22 10 -1 5 -1 -1 5 -1 2 6 11 19 18 -1 17 -1 -1 11 -1 -1 -1 21 12 23 15 21 25 18 27 -1 -1 1 9 0 -1 -1 33 5 32 8 30 15 -1 -1 14 19 -1 -1 -1 
-1 -1 -1 22 -1 25 -1 -1 14 33 27 -1 30 20 17 -1 25 -1 34 -1 -1 -1 1 -1 24 21 30 -1 0 27 12 -1 -1 0 -1 0 -1 34 5 -1 -1 33 -1 0 -1 27 5 19 18 20 
-1 -1 -1 -1 19 -1 5 -1 29 32 4 -1 11 16 -1 1 -1 3 17 25 -1 9 1 -1 0 11 30 18 28 -1 31 29 -1 20 -1 2 0 -1 26 12 9 3 12 -1 15 14 14 33 -1 27 
-1 -1 11 -1 20 20 30 18 -1 29 -1 26 14 -1 -1 19 -1 14 -1 10 16 -1 -1 -1 18 7 2 5 12 -1 -1 -1 28 28 -1 -1 20 0 33 28 20 -1 24 6 33 -1 -1 -1 -1 21 
-1 14 32 3 12 33 9 7 3 30 -1 1 14 -1 1 20 1 5 7 6 7 34 -1 18 5 -1 24 6 -1 32 17 19 -1 -1 20 -1 21 21 0 -1 20 -1 31 34 20 0 17 18 -1 23 
-1 14 5 -1 -1 -1 1 17 30 -1 21 23 -1 30 -1 27 31 -1 -1 -1 1 6 -1 29 -1 9 19 -1 -1 12 29 -1 -1 23 -1 -1 -1 -1 29 0 24 20 19 -1 29 27 21 -1 12 -1 
-1 18 -1 34 33 8 -1 33 0 16 26 17 9 -1 15 -1 21 26 24 23 -1 -1 -1 20 -1 19 -1 -1 31 -1 -1 -1 23 30 -1 -1 1 24 26 2 0 -1 10 34 24 -1 21 7 34 1 
-1 -1 -1 33 -1 3 -1 -1 5 10 0 29 19 -1 -1 10 28 33 -1 11 1 20 -1 -1 26 7 0 0 2 -1 -1 -1 11 11 22 15 -1 -1 -1 26 -1 0 15 -1 22 -1 15 -1 20 24 
-1 18 -1 33 9 -1 32 -1 24 4 30 -1 24 32 28 30 8 -1 29 -1 -1 8 5 25 1 -1 16 7 -1 8 0 2 10 -1 2 9 8 -1 -1 5 -1 18 0 23 -1 19 33 11 -1 7 
-1 25 31 34 -1 -1 -1 -1 16 12 14 2 25 -1 -1 -1 13 0 -1 30 9 -1 -1 -1 -1 -1 -1 6 12 19 25 17 11 30 26 21 -1 4 -1 29 6 -1 4 0 -1 7 -1 -1 27 7 
-1 12 5 -1 29 8 19 28 3 11 -1 10 32 -1 -1 17 -1 5 -1 8 -1 21 -1 5 33 14 -1 -1 31 31 4 23 -1 -1 6 29 -1 22 28 8 -1 18 18 -1 0 10 33 -1 -1 0 
-1 -1 2 -1 12 -1 1 3 -1 24 5 13 -1 11 30 -1 1 -1 4 7 28 24 15 33 -1 22 11 9 2 19 31 -1 23 32 31 -1 20 8 -1 12 3 -1 -1 1 23 0 -1 -1 8 16 
-1 4 31 -1 -1 -1 8 1 3 25 6 17 26 14 -1 -1 31 8 6 -1 0 18 -1 33 -1 1 7 -1 22 20 -1 -1 -1 28 -1 27 2 -1 -1 -1 -1 8 -1 -1 -1 13 0 -1 8 10 
-1 20 18 18 -1 -1 20 18 14 -1 25 -1 -1 33 29 25 -1 13 -1 -1 27 19 25 20 21 -1 15 -1 -1 5 10 16 -1 33 33 19 -1 32 14 2 1 -1 -1 11 -1 21 19 0 18 19 
-1 -1 8 -1 23 -1 -1 29 -1 34 -1 -1 17 -1 -1 17 33 -1 0 31 1 13 -1 28 13 -1 -1 14 -1 18 29 33 11 -1 27 -1 25 12 28 -1 29 -1 -1 -1 -1 20 10 6 0 33 
-1 -1 -1 -1 -1 -1 -1 -1 -1 -1 -1 -1 -1 -1 -1 -1 -1 -1 -1 -1 -1 -1 -1 -1 -1 -1 -1 -1 -1 -1 -1 -1 -1 -1 -1 -1 -1 -1 -1 -1 -1 -1 -1 -1 -1 -1 -1 -1 -1 0 
