75
0 19 30 25 32 9 10 -1 -1 22 33 27 22 31 20 15 13 20 13 16 -1 -1 15 18 4 14 11 33 31 -1 21 11 32 2 25 13 12 18 8 12 25 8 10 17 29 9 23 9 16 32 22 -1 6 -1 -1 24 34 29 11 23 28 29 12 27 1 -1 12 23 0 28 27 3 21 7 11 
-1 0 -1 -1 34 27 -1 -1 -1 13 -1 4 3 -1 -1 34 34 30 22 27 -1 -1 -1 17 29 -1 29 -1 29 -1 2 -1 6 -1 14 -1 -1 -1 -1 2 33 27 5 34 31 23 -1 5 -1 16 7 19 18 -1 25 -1 14 30 -1 34 27 27 34 -1 -1 11 -1 -1 23 15 20 -1 -1 30 1 
-1 16 0 -1 7 -1 27 31 -1 33 20 6 -1 23 27 -1 28 -1 -1 14 0 -1 -1 34 -1 29 23 8 24 -1 13 21 -1 3 -1 -1 -1 2 -1 8 -1 9 24 -1 12 18 28 14 -1 0 -1 -1 -1 -1 -1 23 -1 -1 34 18 -1 1 19 13 17 8 -1 33 -1 16 20 -1 13 -1 15 
-1 14 0 0 -1 23 13 -1 31 -1 -1 -1 18 29 4 18 -1 -1 3 -1 4 22 17 20 32 2 11 -1 5 32 0 9 -1 3 26 12 34 18 -1 -1 4 31 -1 0 -1 4 -1 28 26 9 25 2 12 -1 25 -1 20 -1 11 15 2 -1 -1 27 9 0 6 -1 -1 7 -1 26 34 11 11 
-1 -1 8 28 0 7 -1 -1 -1 3 25 -1 24 16 -1 18 -1 5 14 15 4 13 -1 6 4 -1 28 5 -1 2 -1 8 15 14 -1 11 20 9 14 -1 34 32 -1 18 15 5 -1 -1 -1 -1 -1 -1 29 13 -1 34 4 13 -1 12 34 -1 16 12 17 7 -1 -1 1 -1 7 31 3 33 4 
-1 -1 -1 32 9 0 9 21 -1 25 33 -1 -1 32 10 12 23 16 23 5 16 -1 10 11 5 22 -1 22 -1 23 6 15 15 28 29 -1 -1 -1 -1 -1 14 -1 -1 9 28 -1 -1 0 12 4 2 -1 20 17 -1 18 -1 0 8 23 27 17 29 34 -1 -1 -1 12 30 9 22 -1 8 24 -1 
-1 32 6 16 30 3 0 6 -1 13 14 34 -1 -1 31 8 9 -1 -1 32 -1 -1 5 24 28 30 32 -1 13 7 -1 -1 -1 -1 22 -1 23 33 19 13 24 10 -1 -1 -1 33 17 34 17 10 -1 -1 0 -1 27 29 4 32 -1 8 21 -1 -1 2 8 2 -1 -1 -1 9 34 19 12 2 24 
-1 -1 -1 25 -1 -1 -1 0 -1 0 -1 29 25 27 10 5 28 -1 -1 -1 15 -1 -1 18 -1 17 3 2 4 7 30 32 -1 32 10 -1 7 -1 21 -1 5 -1 -1 -1 30 10 -1 -1 -1 -1 -1 8 8 21 34 31 -1 0 22 -1 -1 -1 -1 1 -1 9 30 20 -1 34 5 -1 -1 29 26 
-1 26 -1 22 17 15 -1 -1 0 -1 1 18 22 21 -1 30 -1 32 10 7 5 30 -1 13 22 32 -1 19 18 -1 12 -1 -1 24 3 28 -1 6 15 33 -1 -1 17 -1 10 -1 10 18 13 11 -1 23 -1 -1 25 -1 -1 31 12 9 17 33 -1 -1 22 7 -1 16 4 -1 -1 31 -1 29 2 
-1 15 30 -1 -1 32 23 -1 -1 0 -1 -1 24 34 -1 17 -1 30 -1 0 -1 -1 24 4 33 14 25 -1 -1 29 -1 -1 3 27 7 24 -1 -1 28 -1 11 -1 20 -1 34 -1 18 30 -1 25 16 2 21 9 12 -1 19 -1 26 8 -1 20 -1 -1 -1 -1 -1 9 20 33 22 31 4 -1 11 
-1 25 17 -1 15 4 28 16 32 34 0 -1 32 9 6 11 12 4 31 10 -1 6 30 -1 27 -1 -1 -1 9 29 2 18 11 8 7 10 17 0 -1 22 -1 10 12 -1 33 33 -1 30 -1 -1 9 33 -1 22 -1 -1 25 -1 -1 1 16 26 29 12 26 -1 28 14 13 26 28 -1 29 -1 21 
-1 26 23 15 17 30 16 8 7 -1 19 0 0 5 -1 -1 17 -1 -1 -1 -1 6 28 -1 -1 9 23 32 9 11 -1 25 15 -1 7 -1 2 -1 33 9 -1 22 -1 6 -1 -1 -1 7 18 21 7 9 13 19 10 0 20 -1 -1 -1 15 27 2 -1 -1 -1 13 34 34 -1 -1 21 23 3 26 
-1 26 -1 6 12 19 9 32 -1 29 29 -1 0 24 22 10 26 13 -1 25 19 18 -1 -1 -1 -1 11 26 12 14 -1 29 17 10 -1 34 -1 -1 -1 30 -1 9 -1 -1 0 6 -1 0 24 -1 26 6 27 16 26 33 11 12 21 22 19 -1 -1 22 -1 22 -1 -1 -1 -1 28 33 -1 19 15 
-1 -1 33 -1 17 -1 14 9 -1 28 27 33 1 0 7 27 -1 13 4 6 -1 25 5 1 23 -1 -1 1 14 10 32 -1 -1 1 -1 -1 16 23 -1 5 -1 29 -1 12 20 27 12 0 20 -1 13 6 -1 11 24 8 23 32 34 12 -1 12 2 17 6 0 -1 -1 7 10 3 0 -1 26 6 
-1 -1 -1 -1 -1 -1 15 -1 26 -1 -1 -1 17 15 0 4 31 9 23 1 33 -1 30 7 -1 7 1 -1 -1 10 -1 6 2 -1 26 1 -1 -1 15 18 6 24 2 6 -1 30 34 23 -1 -1 33 16 3 9 -1 -1 -1 -1 -1 6 -1 23 9 34 -1 31 15 9 22 -1 -1 6 18 -1 5 
-1 10 2 24 12 13 -1 0 -1 29 32 17 25 -1 -1 0 -1 -1 2 12 6 -1 33 -1 -1 13 -1 -1 -1 -1 24 16 -1 1 -1 18 27 13 5 5 13 -1 -1 29 16 -1 -1 -1 -1 0 -1 21 12 -1 -1 -1 -1 -1 18 4 -1 -1 -1 0 25 -1 25 1 5 -1 4 -1 21 -1 -1 
-1 24 -1 17 -1 -1 27 24 0 23 -1 29 20 5 29 -1 0 15 -1 4 23 7 -1 23 -1 -1 6 8 -1 -1 3 24 -1 15 22 5 -1 -1 -1 16 -1 15 6 -1 20 -1 -1 -1 31 2 2 27 34 15 -1 29 -1 -1 6 10 3 24 6 21 -1 -1 34 32 -1 31 12 5 5 -1 30 
-1 22 -1 4 -1 -1 30 5 10 -1 -1 -1 -1 5 23 15 0 0 29 0 29 25 10 -1 -1 -1 11 -1 -1 -1 24 31 -1 1 11 24 8 15 11 -1 4 -1 16 -1 -1 -1 21 30 25 16 8 -1 -1 21 19 -1 31 4 -1 23 29 -1 31 20 34 -1 27 11 13 1 25 -1 -1 6 34 
-1 1 3 -1 16 -1 2 0 4 26 -1 -1 5 25 8 22 1 -1 0 12 -1 -1 -1 2 0 10 13 6 32 -1 15 2 10 11 -1 34 24 0 9 -1 -1 16 8 0 -1 7 -1 14 25 27 28 24 -1 25 27 8 -1 -1 34 -1 -1 25 18 18 19 2 0 3 -1 17 18 13 9 32 25 
-1 -1 9 26 3 24 18 -1 -1 -1 28 11 5 1 27 -1 13 -1 -1 0 30 -1 22 -1 30 32 -1 22 27 5 -1 34 19 -1 28 29 29 30 10 -1 27 16 -1 2 24 -1 34 25 23 26 5 2 17 0 -1 30 31 11 8 -1 26 9 12 2 5 32 25 19 -1 -1 32 9 26 -1 9 
-1 20 -1 0 -1 33 2 -1 -1 15 11 -1 -1 -1 -1 24 33 18 11 25 0 -1 -1 -1 3 18 -1 11 21 10 -1 24 -1 -1 33 7 -1 27 2 27 -1 33 24 -1 30 33 8 25 -1 -1 -1 5 8 22 2 7 22 -1 16 -1 -1 -1 14 -1 18 6 -1 -1 -1 31 8 -1 -1 13 22 
-1 29 32 13 3 7 19 5 25 3 33 -1 20 -1 -1 -1 8 13 23 23 24 0 -1 11 -1 -1 11 20 -1 26 -1 32 23 4 28 14 8 -1 -1 9 -1 29 8 0 9 11 -1 -1 -1 23 6 12 4 27 3 19 -1 -1 8 33 27 -1 26 -1 14 24 -1 -1 30 23 15 9 19 -1 -1 
-1 3 -1 3 -1 21 -1 -1 5 -1 7 3 31 30 11 -1 17 2 5 -1 -1 20 0 13 -1 -1 4 3 24 -1 -1 -1 3 27 -1 -1 -1 23 29 -1 4 2 13 -1 8 21 -1 -1 18 3 -1 15 -1 22 17 18 34 21 -1 30 -1 24 2 -1 5 11 -1 6 9 13 -1 33 -1 -1 4 
-1 19 14 15 12 -1 11 4 31 -1 -1 -1 8 12 -1 -1 -1 16 25 -1 24 21 0 0 -1 -1 24 15 33 -1 2 4 4 24 -1 -1 -1 32 1 16 -1 -1 -1 27 8 -1 -1 3 20 16 24 7 -1 8 22 -1 -1 -1 33 16 7 7 -1 -1 29 26 1 1 -1 10 31 -1 -1 23 30 
-1 17 12 -1 -1 29 -1 28 2 -1 -1 22 -1 12 2 -1 15 9 -1 29 -1 17 19 32 0 13 24 -1 22 -1 10 24 18 0 9 27 21 6 -1 20 16 3 -1 0 -1 -1 22 9 -1 -1 34 6 -1 7 -1 -1 31 13 -1 11 0 -1 -1 28 -1 -1 -1 8 -1 9 -1 27 -1 30 34 
-1 -1 21 31 21 -1 24 16 21 34 -1 -1 23 23 33 -1 -1 22 -1 20 14 -1 32 -1 10 0 16 -1 -1 -1 16 -1 -1 -1 3 4 1 23 -1 30 0 -1 5 4 10 -1 12 14 -1 -1 0 -1 14 14 3 -1 -1 23 11 -1 15 29 20 -1 -1 33 -1 18 18 -1 0 32 -1 19 0 
-1 5 -1 8 -1 -1 -1 -1 34 -1 25 31 3 31 -1 15 26 -1 31 26 8 -1 16 -1 -1 2 0 23 15 13 -1 14 23 12 8 -1 11 3 17 -1 23 -1 16 -1 6 -1 -1 25 -1 -1 -1 -1 -1 25 27 -1 22 -1 31 -1 3 13 -1 -1 -1 12 -1 10 -1 5 33 -1 -1 10 27 
-1 17 26 13 -1 26 26 -1 15 20 24 -1 29 18 10 17 -1 -1 14 -1 -1 -1 -1 27 1 21 -1 0 -1 -1 1 32 -1 13 -1 19 -1 31 -1 -1 -1 24 -1 -1 11 25 15 30 -1 -1 -1 33 -1 18 -1 7 18 -1 -1 -1 -1 20 -1 7 33 -1 17 -1 22 33 4 -1 23 12 -1 
-1 -1 -1 -1 29 8 -1 21 -1 3 7 6 -1 -1 -1 25 3 23 0 -1 31 24 19 -1 16 -1 26 18 0 21 31 -1 -1 15 -1 -1 30 2 -1 3 9 5 -1 -1 16 23 13 0 -1 -1 -1 -1 19 18 -1 -1 34 5 28 0 -1 20 -1 -1 4 -1 -1 -1 14 24 -1 8 0 14 23 
-1 -1 -1 -1 34 19 17 25 22 11 30 18 8 15 19 -1 -1 -1 20 -1 -1 9 22 34 -1 19 28 26 -1 0 11 -1 -1 24 -1 8 22 7 -1 -1 24 9 14 15 26 -1 9 -1 14 12 -1 -1 4 11 19 -1 22 18 5 2 23 18 18 24 2 11 9 8 -1 -1 1 17 -1 15 3 
-1 -1 34 8 11 33 -1 25 27 24 -1 17 23 17 22 26 5 27 -1 30 30 -1 8 9 -1 29 -1 29 -1 18 0 4 18 -1 7 20 32 -1 -1 26 -1 29 31 -1 -1 3 9 19 -1 -1 -1 29 11 -1 -1 -1 9 -1 -1 -1 4 10 22 -1 -1 -1 30 13 34 1 14 -1 18 33 14 
-1 5 24 6 11 5 12 3 -1 25 17 1 -1 10 -1 -1 -1 -1 -1 -1 -1 -1 23 2 -1 -1 23 -1 5 -1 -1 0 -1 -1 -1 -1 -1 -1 10 2 21 13 -1 -1 32 6 17 24 23 -1 -1 31 -1 24 4 13 -1 31 -1 3 33 15 29 32 5 3 -1 18 15 -1 -1 17 17 -1 34 
-1 4 -1 19 -1 -1 14 -1 -1 14 0 -1 32 25 31 13 -1 33 -1 -1 -1 4 30 24 30 -1 -1 -1 -1 -1 1 23 0 -1 12 -1 -1 -1 -1 34 20 30 6 -1 22 -1 12 22 -1 2 29 -1 5 -1 -1 -1 5 34 29 14 24 15 29 -1 28 28 -1 24 -1 23 18 -1 -1 -1 10 
-1 10 1 -1 -1 10 26 10 31 -1 -1 15 32 9 -1 -1 21 -1 29 24 14 -1 6 -1 3 20 18 -1 -1 29 6 -1 34 0 31 26 34 -1 -1 0 6 26 -1 27 15 12 -1 14 -1 8 -1 25 13 32 -1 -1 0 6 -1 19 29 -1 -1 9 26 -1 8 27 3 -1 -1 -1 0 12 20 
-1 29 2 12 23 10 7 24 -1 -1 33 -1 5 31 25 22 21 15 25 33 28 -1 20 14 8 -1 31 -1 -1 -1 -1 -1 1 30 0 26 -1 13 -1 14 6 -1 -1 29 -1 28 8 -1 9 14 -1 -1 20 -1 -1 7 -1 33 -1 -1 30 -1 0 19 -1 -1 14 20 10 14 -1 30 -1 18 0 
-1 24 13 -1 -1 1 -1 20 -1 -1 21 -1 31 13 -1 30 30 -1 2 3 23 32 18 -1 15 -1 -1 23 -1 16 -1 12 -1 8 24 0 -1 -1 -1 13 10 4 -1 6 19 -1 -1 -1 -1 1 12 13 18 -1 -1 22 31 12 0 28 25 14 17 9 25 -1 16 -1 8 22 -1 12 7 8 12 
-1 0 8 26 1 -1 -1 12 -1 16 10 24 12 4 -1 26 12 6 -1 -1 24 -1 -1 -1 12 29 -1 -1 -1 4 16 -1 12 28 33 14 0 6 25 5 -1 18 -1 -1 9 -1 1 -1 -1 6 -1 15 0 -1 22 28 -1 5 -1 31 28 5 -1 3 20 17 -1 27 -1 -1 -1 0 -1 12 28 
-1 8 5 29 -1 -1 30 34 7 32 2 7 11 -1 -1 5 5 29 3 -1 -1 31 16 -1 -1 -1 8 2 -1 -1 -1 18 -1 25 -1 29 19 0 -1 -1 -1 -1 29 -1 -1 33 -1 17 21 14 -1 -1 -1 12 -1 -1 -1 -1 -1 25 34 31 -1 22 31 20 -1 -1 14 -1 -1 1 -1 -1 27 
-1 1 -1 -1 -1 -1 -1 -1 -1 -1 22 30 -1 29 29 -1 12 24 -1 -1 12 13 31 -1 10 34 29 -1 -1 -1 31 8 16 16 -1 -1 28 6 0 0 12 -1 -1 5 7 18 25 -1 20 -1 -1 13 15 15 33 -1 0 -1 24 7 7 -1 -1 23 7 8 0 -1 33 19 2 21 -1 -1 33 
-1 -1 28 -1 21 19 -1 25 8 13 -1 4 15 -1 0 0 -1 -1 -1 -1 11 6 22 -1 2 2 8 2 -1 16 -1 20 24 29 -1 5 7 4 -1 0 -1 8 2 21 6 -1 0 -1 -1 26 0 -1 34 -1 13 30 12 2 7 2 20 -1 16 34 5 -1 -1 -1 -1 -1 34 16 -1 19 5 
-1 29 -1 21 2 7 22 -1 31 -1 32 3 18 -1 9 24 30 -1 -1 27 1 -1 3 5 4 -1 -1 -1 24 6 15 -1 -1 33 -1 13 18 7 -1 14 0 18 2 26 -1 5 -1 -1 6 32 -1 -1 15 16 -1 -1 -1 3 10 -1 15 -1 27 -1 -1 14 33 1 11 -1 -1 11 -1 15 13 
-1 -1 9 20 3 4 -1 -1 -1 -1 -1 -1 0 10 16 5 -1 22 -1 17 -1 30 17 -1 24 -1 24 -1 -1 23 21 23 -1 -1 21 10 -1 10 6 -1 26 0 22 9 9 -1 4 -1 7 8 9 1 23 32 -1 -1 10 19 33 0 26 -1 10 -1 34 19 16 -1 34 22 -1 -1 -1 26 12 
-1 23 21 33 21 20 -1 -1 25 -1 -1 24 -1 11 -1 -1 34 25 3 5 30 21 25 -1 -1 26 -1 -1 3 17 13 19 9 22 16 0 34 9 -1 -1 28 2 0 14 26 2 -1 -1 -1 -1 18 31 28 -1 9 32 24 -1 18 -1 -1 29 -1 -1 22 10 5 14 -1 15 10 -1 32 -1 19 
-1 19 10 29 -1 16 9 32 -1 8 -1 34 -1 34 29 14 -1 5 13 -1 14 26 25 1 -1 -1 25 25 -1 -1 32 -1 20 -1 3 -1 25 -1 -1 15 30 -1 1 0 30 25 20 -1 -1 -1 27 23 26 15 -1 28 8 -1 -1 6 26 -1 -1 -1 30 12 27 -1 -1 31 -1 -1 -1 33 28 
-1 0 8 14 -1 15 -1 -1 -1 -1 -1 19 8 -1 -1 2 29 -1 2 12 7 -1 -1 -1 -1 3 34 8 17 9 -1 11 24 15 18 -1 3 -1 -1 16 15 -1 26 -1 0 26 2 5 24 -1 16 16 -1 -1 -1 28 23 21 14 9 -1 -1 29 10 20 30 23 -1 2 20 27 27 -1 -1 -1 
-1 -1 -1 31 7 -1 13 -1 12 -1 -1 -1 32 -1 14 -1 31 0 -1 18 -1 32 -1 -1 -1 -1 -1 -1 0 -1 22 13 15 -1 -1 28 22 -1 -1 23 18 8 17 14 -1 0 20 13 5 13 -1 26 -1 -1 24 -1 -1 18 28 26 4 -1 23 -1 15 8 -1 -1 -1 5 12 31 12 14 2 
-1 33 -1 26 34 19 -1 13 18 -1 -1 7 26 34 -1 -1 14 16 11 -1 6 14 -1 -1 -1 -1 15 -1 13 13 15 17 13 33 7 -1 -1 15 -1 1 3 -1 -1 4 28 23 0 14 29 -1 -1 31 -1 -1 -1 -1 16 7 3 -1 -1 32 26 29 9 4 15 29 -1 9 8 16 2 33 24 
-1 12 18 8 7 4 1 23 5 17 18 -1 26 -1 20 0 -1 11 22 22 15 -1 22 -1 3 15 31 -1 14 29 -1 25 8 21 13 9 -1 21 23 6 -1 8 -1 5 15 -1 -1 0 -1 14 1 9 18 3 34 -1 14 -1 5 3 3 -1 -1 14 -1 -1 32 25 0 -1 -1 -1 -1 24 23 
-1 -1 29 -1 24 12 4 2 34 31 11 13 -1 9 -1 -1 12 -1 -1 21 2 1 2 13 -1 -1 20 1 18 21 -1 18 2 21 -1 23 32 30 32 7 10 13 -1 6 -1 -1 -1 -1 0 -1 20 27 4 29 10 17 5 -1 12 -1 33 15 28 15 -1 -1 12 -1 0 -1 22 11 3 3 17 
-1 -1 21 2 6 23 -1 17 19 -1 34 24 -1 23 -1 -1 33 -1 1 25 7 16 16 20 -1 28 -1 -1 -1 -1 -1 11 -1 -1 -1 4 -1 19 33 33 -1 34 24 32 4 -1 9 -1 -1 0 -1 28 34 -1 29 7 -1 21 -1 3 19 -1 -1 -1 9 -1 19 28 5 26 32 -1 -1 31 13 
-1 13 -1 2 -1 12 -1 15 29 12 10 -1 -1 29 22 -1 32 13 13 28 -1 8 26 -1 -1 -1 32 -1 28 -1 12 16 7 7 -1 23 13 19 -1 20 -1 32 17 -1 -1 25 -1 -1 24 7 0 19 28 9 31 -1 20 0 15 27 20 3 0 10 32 -1 29 19 -1 -1 7 29 18 16 33 
-1 33 -1 -1 6 -1 -1 24 8 -1 10 21 1 33 16 9 18 -1 -1 27 -1 6 -1 3 24 -1 -1 26 -1 23 -1 0 27 10 4 -1 9 17 3 9 14 22 20 -1 34 -1 -1 29 21 18 26 0 -1 -1 -1 5 -1 -1 20 -1 14 -1 9 -1 -1 -1 -1 -1 15 -1 -1 23 -1 -1 26 
-1 -1 -1 33 17 -1 31 -1 27 19 -1 -1 6 24 3 -1 -1 -1 -1 4 -1 12 31 -1 30 25 -1 -1 25 22 -1 32 23 2 32 2 -1 0 -1 -1 -1 4 -1 13 21 23 0 -1 1 8 -1 28 0 9 -1 -1 19 -1 17 10 2 33 0 12 -1 -1 -1 23 -1 31 34 21 -1 -1 22 
-1 17 -1 -1 -1 -1 -1 14 20 16 -1 -1 22 32 -1 23 25 11 -1 10 -1 30 -1 -1 12 22 27 -1 24 5 31 -1 -1 33 -1 -1 1 26 -1 33 -1 -1 23 -1 -1 -1 -1 0 -1 6 -1 31 20 0 24 30 4 6 31 16 12 -1 -1 0 -1 -1 -1 1 -1 -1 7 1 2 16 21 
-1 33 3 26 -1 26 -1 30 -1 19 -1 -1 2 10 -1 20 19 -1 -1 6 -1 12 26 -1 9 12 -1 19 -1 -1 16 -1 3 2 19 21 10 23 6 -1 25 29 -1 22 5 -1 -1 12 28 5 29 -1 -1 1 0 29 3 -1 12 -1 21 -1 -1 -1 -1 -1 -1 13 -1 27 24 25 19 22 -1 
-1 -1 31 -1 -1 -1 16 4 15 1 22 17 7 32 23 27 14 -1 -1 24 -1 23 -1 27 -1 17 2 7 -1 -1 -1 31 1 21 -1 31 17 11 -1 0 3 4 25 0 20 1 3 6 31 -1 5 -1 8 2 -1 0 5 9 29 9 9 -1 -1 -1 4 15 -1 25 -1 -1 3 16 -1 13 6 
-1 21 25 26 -1 -1 2 -1 24 26 -1 22 -1 21 21 6 32 3 -1 0 -1 34 -1 -1 1 16 -1 33 -1 6 17 6 0 23 -1 -1 -1 7 -1 3 23 -1 3 -1 3 -1 13 34 10 14 17 6 -1 15 -1 -1 0 20 30 2 -1 12 13 31 26 -1 15 5 -1 34 -1 -1 23 -1 4 
-1 28 -1 23 -1 -1 21 29 -1 23 16 -1 10 -1 -1 -1 -1 -1 10 -1 5 -1 16 3 25 -1 13 11 23 -1 -1 1 19 -1 26 -1 13 21 15 8 21 4 25 -1 25 0 -1 30 -1 21 10 -1 5 -1 -1 -1 -1 0 -1 -1 7 7 -1 9 20 31 22 -1 -1 12 -1 20 18 -1 17 
-1 20 -1 -1 15 3 27 -1 29 31 3 -1 14 20 0 10 -1 -1 -1 34 6 -1 14 19 21 -1 3 -1 31 -1 29 22 -1 2 1 16 31 26 1 -1 24 -1 -1 33 31 17 -1 -1 1 2 -1 -1 33 -1 20 -1 -1 12 0 -1 -1 25 21 12 5 5 20 8 6 0 -1 8 4 6 15 
-1 -1 -1 -1 11 2 26 -1 1 -1 30 -1 19 8 6 28 23 -1 1 -1 -1 0 0 17 -1 -1 -1 -1 -1 7 4 -1 30 26 -1 16 -1 -1 -1 34 -1 -1 22 32 -1 23 -1 -1 -1 29 -1 -1 -1 9 12 29 9 5 17 0 -1 24 23 -1 -1 -1 12 3 5 31 34 -1 -1 -1 5 
-1 27 14 1 16 23 25 33 -1 15 -1 -1 9 11 -1 -1 -1 -1 27 -1 26 -1 4 1 7 20 -1 33 -1 -1 9 10 -1 25 6 28 -1 -1 24 -1 24 24 27 14 -1 -1 32 28 6 10 0 -1 -1 -1 14 28 -1 23 6 32 0 -1 1 18 27 4 29 20 30 1 20 3 14 9 16 
-1 -1 -1 22 10 -1 -1 19 17 -1 -1 3 7 -1 -1 -1 29 6 25 -1 -1 1 26 20 28 33 -1 7 -1 -1 -1 -1 -1 -1 18 16 2 30 28 8 13 -1 23 -1 -1 33 20 -1 -1 34 7 -1 12 -1 20 -1 -1 26 -1 -1 23 0 29 1 -1 10 -1 -1 5 -1 11 7 0 7 11 
-1 -1 23 -1 13 33 10 32 -1 31 -1 10 -1 26 21 15 8 3 30 -1 10 -1 -1 1 26 31 14 34 -1 -1 13 -1 19 21 15 4 34 26 26 -1 33 9 -1 -1 -1 25 31 34 10 10 -1 25 -1 22 34 13 32 -1 0 24 -1 -1 0 19 15 -1 20 17 9 17 9 14 -1 -1 29 
-1 7 6 31 5 25 32 32 22 1 -1 2 -1 5 9 12 24 -1 22 13 -1 -1 14 -1 26 -1 32 -1 11 -1 7 -1 2 27 3 26 1 2 1 -1 -1 -1 -1 18 23 -1 27 1 1 -1 -1 4 -1 -1 8 -1 -1 -1 30 -1 -1 13 -1 0 -1 -1 11 -1 29 -1 14 25 -1 -1 -1 
-1 19 5 -1 5 -1 11 -1 13 -1 4 8 8 17 -1 12 -1 32 22 31 -1 9 13 12 19 4 14 -1 -1 -1 30 16 25 10 30 11 21 16 -1 19 10 0 4 -1 30 -1 0 -1 -1 -1 10 28 -1 31 -1 20 27 12 -1 21 -1 16 20 -1 0 24 26 30 33 -1 30 34 24 27 2 
-1 27 -1 -1 24 14 6 -1 6 6 -1 5 -1 16 -1 27 -1 -1 18 20 -1 30 21 1 -1 -1 21 -1 -1 16 26 -1 33 -1 -1 12 22 21 15 22 23 -1 25 24 -1 -1 -1 16 -1 8 25 16 -1 -1 -1 28 5 2 25 15 15 6 -1 -1 -1 0 28 -1 22 13 25 12 -1 4 -1 
-1 18 31 -1 -1 -1 19 15 6 -1 31 -1 21 16 13 -1 -1 -1 -1 -1 29 -1 4 22 19 -1 6 22 1 5 27 0 19 -1 -1 -1 -1 29 13 34 -1 4 23 -1 6 27 -1 21 26 -1 24 -1 -1 -1 23 21 -1 -1 4 -1 26 4 32 -1 -1 -1 0 -1 30 1 21 16 25 14 28 
-1 20 26 -1 16 20 15 -1 10 -1 -1 -1 22 9 22 -1 9 33 12 33 11 20 -1 -1 -1 -1 20 32 10 -1 6 6 -1 32 -1 9 -1 8 21 14 22 -1 16 -1 -1 18 -1 28 10 27 -1 14 18 25 32 -1 -1 -1 8 0 -1 22 7 -1 20 15 15 0 -1 -1 -1 9 25 -1 12 
-1 -1 28 14 -1 -1 12 -1 17 7 17 -1 21 -1 1 -1 -1 14 3 -1 29 -1 33 -1 -1 15 -1 -1 20 22 34 -1 12 21 19 -1 -1 -1 -1 -1 32 -1 10 -1 -1 11 29 24 1 32 -1 33 -1 28 29 19 25 -1 21 -1 20 17 -1 -1 -1 31 -1 16 0 17 19 30 6 -1 21 
-1 32 7 25 26 8 7 5 31 9 26 -1 27 -1 -1 -1 9 13 9 -1 11 4 28 -1 -1 29 12 22 5 -1 25 20 -1 27 22 -1 -1 23 1 -1 -1 10 11 26 29 3 -1 -1 -1 19 26 0 -1 -1 10 3 -1 -1 14 1 -1 -1 -1 18 -1 15 -1 -1 14 0 -1 17 17 10 25 
-1 -1 -1 32 17 23 -1 21 29 -1 -1 29 19 22 14 11 15 9 -1 8 18 30 21 -1 -1 26 24 -1 11 -1 1 -1 23 -1 -1 -1 -1 2 -1 0 -1 20 23 30 7 20 -1 2 26 -1 -1 -1 -1 -1 3 -1 13 -1 28 -1 -1 14 5 16 12 18 24 2 26 1 0 34 26 -1 30 
-1 34 13 23 -1 21 19 -1 7 -1 -1 5 -1 -1 -1 7 -1 34 -1 28 14 3 11 -1 4 -1 22 13 -1 26 -1 34 31 -1 -1 18 9 -1 -1 17 -1 15 -1 -1 -1 12 -1 26 -1 14 4 -1 8 30 33 -1 -1 12 9 -1 12 -1 21 -1 -1 19 -1 13 16 32 -1 0 16 -1 1 
-1 12 6 4 7 -1 34 29 -1 31 6 9 27 -1 28 -1 11 10 23 -1 32 31 25 33 -1 29 -1 -1 -1 -1 12 -1 -1 9 -1 23 11 -1 2 11 1 -1 -1 -1 14 -1 -1 -1 -1 33 34 1 -1 -1 3 33 -1 -1 5 21 13 30 8 21 3 15 -1 11 31 -1 17 22 0 28 19 
-1 -1 13 32 8 -1 13 -1 -1 3 -1 -1 22 17 8 3 -1 13 -1 34 -1 20 -1 6 -1 20 15 -1 6 21 18 28 -1 0 -1 6 -1 -1 -1 11 -1 6 4 -1 0 31 4 -1 11 -1 24 27 -1 -1 32 19 -1 26 23 -1 18 12 3 -1 -1 21 33 26 -1 12 7 34 5 0 6 
-1 -1 -1 -1 -1 -1 -1 -1 -1 -1 -1 -1 -1 -1 -1 -1 -1 -1 -1 -1 -1 -1 -1 -1 -1 -1 -1 -1 -1 -1 -1 -1 -1 -1 -1 -1 -1 -1 -1 -1 -1 -1 -1 -1 -1 -1 -1 -1 -1 -1 -1 -1 -1 -1 -1 -1 -1 -1 -1 -1 -1 -1 -1 -1 -1 -1 -1 -1 -1 -1 -1 -1 -1 -1 0 
